40
1 100
1 99
1 98
1 97
1 96
1 95
1 94
1 93
1 92
1 91
1 90
1 89
1 88
1 87
1 86
1 85
1 84
1 83
1 82
1 81
1 80
1 79
1 78
1 77
1 76
1 75
1 74
1 73
1 72
1 71
1 70
1 69
1 68
1 67
1 66
1 65
1 64
1 63
1 62
1 61
24 13 6878
29 13 4714
29 1 294
1 37 2123
7 37 2358
7 22 3954
35 22 8173
35 5 6065
5 11 7288
17 11 9885
23 17 6416
10 23 759
25 10 3316
25 40 8075
40 8 2952
8 14 536
38 14 3646
38 28 5937
30 28 4789
21 30 5764
21 19 7663
3 19 5497
32 3 7111
15 32 3085
15 12 5586
6 12 32
6 20 7333
9 20 5067
9 18 6376
18 4 3958
31 4 698
39 31 329
34 39 7189
26 34 433
33 26 1442
16 33 6918
16 27 5008
27 2 3275
36 2 2130
