100
91 59
18 52
97 82
19 85
17 3
93 13
81 95
54 76
42 77
14 7
82 19
92 55
25 20
66 15
79 80
86 43
89 90
100 15
55 49
39 100
54 50
21 57
43 85
90 92
86 98
20 62
64 70
13 28
16 78
85 48
42 7
31 79
27 31
31 28
97 23
65 45
34 5
87 93
33 47
57 34
64 93
46 63
40 12
6 76
72 99
3 37
31 91
18 40
21 41
53 31
74 51
17 70
70 3
72 16
41 54
46 84
39 65
57 90
41 68
16 47
47 48
11 33
92 27
28 27
26 33
89 40
61 61
90 50
42 68
1 72
82 22
81 24
33 75
77 3
0 67
5 18
83 13
98 6
20 15
55 70
31 83
75 27
70 18
43 32
25 86
12 52
7 70
92 37
13 6
98 78
52 12
10 99
96 69
90 7
22 1
60 66
95 18
14 40
37 98
96 58
2 1 1922
3 1 2331
4 1 4492
5 1 1423
1 6 6326
1 7 1708
8 1 649
1 9 4522
10 1 2612
11 1 2913
1 12 258
1 13 9214
1 14 5419
15 1 5896
16 1 6365
1 17 4964
1 18 1804
19 1 1382
1 20 4215
1 21 3481
22 1 8909
1 23 2433
1 24 6608
25 1 4990
1 26 6569
1 27 6500
1 28 3133
29 1 9449
1 30 2542
1 31 8575
1 32 6485
1 33 8243
1 34 7774
35 1 3124
1 36 8820
1 37 7432
38 1 4288
39 1 3115
40 1 9036
1 41 1034
42 1 2476
43 1 7999
44 1 2847
1 45 7998
1 46 5042
47 1 2623
48 1 8261
49 1 6444
50 1 787
51 1 8318
1 52 2780
53 1 531
1 54 581
1 55 3396
1 56 7059
57 1 3956
58 1 4436
1 59 2426
1 60 4143
61 1 5635
62 1 9500
63 1 2161
64 1 7478
65 1 8009
1 66 5328
67 1 4540
68 1 1110
69 1 5380
70 1 4534
1 71 3570
1 72 3119
1 73 2101
74 1 3481
1 75 2685
1 76 9541
1 77 176
1 78 1126
1 79 893
80 1 463
1 81 2880
82 1 4511
1 83 7254
1 84 9371
1 85 9473
1 86 2587
87 1 3518
88 1 200
89 1 7012
1 90 4803
91 1 2336
92 1 410
93 1 5407
1 94 359
1 95 411
1 96 9625
1 97 2506
98 1 5607
1 99 9811
1 100 9202
