200
99 23
36 3
73 13
91 58
69 50
59 95
76 5
3 48
69 2
64 96
6 49
90 48
17 30
31 23
78 64
63 64
81 5
80 3
74 14
54 45
26 23
49 30
6 73
45 20
19 46
52 74
22 93
0 68
0 66
18 57
10 44
3 50
24 41
25 53
80 58
2 66
48 84
65 96
21 91
5 16
87 49
86 1
49 8
9 79
82 19
46 29
49 58
62 5
63 53
34 68
11 79
98 77
46 59
62 86
70 54
74 64
80 98
96 10
92 19
87 45
13 97
89 2
62 77
100 84
100 59
22 60
14 55
76 15
79 70
80 55
52 47
99 40
98 19
11 56
46 38
63 69
26 11
17 25
8 98
40 48
52 84
57 2
79 59
61 59
13 18
49 55
45 42
19 97
33 34
11 27
100 61
69 39
98 11
43 48
85 33
7 8
53 92
60 93
32 46
81 97
6 67
0 62
64 95
45 98
1 77
29 40
19 35
28 15
76 11
28 78
36 50
73 48
4 78
5 29
39 94
66 33
98 52
2 53
26 50
66 55
77 10
96 34
67 66
81 42
79 36
16 56
87 69
67 69
52 44
49 35
11 97
50 80
68 46
17 27
18 3
40 53
4 69
50 49
48 40
10 3
68 5
6 45
51 97
10 45
26 60
30 61
96 72
70 97
44 94
6 81
87 5
77 91
30 96
70 17
50 2
92 62
2 84
35 5
95 59
84 66
14 67
10 22
18 55
8 21
22 38
69 6
43 25
15 45
38 29
60 99
53 12
17 63
72 99
77 92
3 3
27 96
73 41
33 91
13 34
53 99
68 26
85 54
19 19
24 40
2 50
91 50
72 54
81 59
50 20
61 23
14 93
12 82
3 61
54 38
32 16
47 91
4 80
59 5
11 31
8 39
2 20 1296
20 99 1359
141 99 2353
141 158 527
158 114 4109
171 114 2567
82 171 849
82 172 2480
30 172 4954
119 30 1098
124 119 244
124 159 1440
166 159 2913
166 115 2075
115 182 4460
18 182 1178
170 18 4390
170 54 4544
102 54 2273
102 103 3671
194 103 1396
194 143 3148
143 73 1278
164 73 162
164 16 2446
107 16 2596
51 107 3498
51 88 117
90 88 3950
90 23 4314
23 156 2632
156 33 4403
56 33 4930
56 86 4021
86 105 3391
105 186 115
186 174 3290
34 174 3799
34 125 779
98 125 4275
150 98 875
138 150 4021
138 81 474
81 32 2379
32 116 4631
116 188 4690
45 188 4608
175 45 1358
179 175 3778
85 179 21
63 85 339
63 6 2484
6 8 1934
38 8 735
122 38 3824
122 153 827
153 61 1321
61 5 1838
83 5 2516
135 83 3041
91 135 3698
66 91 4268
126 66 2955
126 80 2787
77 80 3303
140 77 1936
140 157 2333
157 24 2249
120 24 1514
120 28 404
28 137 2772
71 137 1368
71 13 1903
7 13 3901
7 44 16
44 193 2463
193 4 1936
130 4 1039
112 130 4827
134 112 1051
109 134 4609
39 109 1623
37 39 1477
74 37 3123
79 74 3876
79 35 110
35 1 105
1 129 764
43 129 2247
43 192 2765
22 192 1253
22 10 3782
132 10 1097
15 132 459
15 53 2494
53 190 3517
36 190 304
21 36 1792
21 75 4994
11 75 433
11 104 2910
118 104 158
195 118 2885
195 46 4422
69 46 2407
69 31 139
31 198 4629
111 198 3445
111 12 4436
173 12 2145
173 40 3885
133 40 865
84 133 1732
167 84 926
148 167 4693
148 78 51
78 191 1238
180 191 2244
180 49 1065
59 49 1062
68 59 2248
187 68 201
139 187 3662
139 52 1748
106 52 1179
106 168 2104
168 41 976
128 41 2623
128 17 1204
65 17 3894
65 87 3038
87 89 625
89 93 221
97 93 4990
48 97 252
48 14 4949
131 14 4833
131 176 3518
176 184 4225
189 184 1228
127 189 4820
197 127 4344
197 26 1935
185 26 560
19 185 3073
76 19 1962
58 76 4845
58 147 1884
147 199 2722
62 199 1718
62 165 104
165 72 1426
72 3 2500
152 3 354
152 67 77
42 67 1035
42 113 4824
110 113 1497
110 25 1209
95 25 292
95 57 2123
57 117 1625
64 117 2282
64 55 4099
161 55 4807
161 50 4907
27 50 931
27 196 846
177 196 784
108 177 2902
146 108 2332
146 123 2564
123 160 4927
47 160 1428
47 151 2207
151 142 745
142 92 2946
92 200 1307
200 70 941
178 70 3086
178 121 2346
121 94 4502
94 154 3166
144 154 2943
144 183 28
145 183 3049
145 149 4988
149 100 3820
60 100 2065
169 60 2856
169 163 154
163 96 857
136 96 566
136 29 825
162 29 2693
9 162 3510
181 9 4412
155 181 1837
101 155 4593
