400
1 100
1 99
1 98
1 97
1 96
1 95
1 94
1 93
1 92
1 91
1 90
1 89
1 88
1 87
1 86
1 85
1 84
1 83
1 82
1 81
1 80
1 79
1 78
1 77
1 76
1 75
1 74
1 73
1 72
1 71
1 70
1 69
1 68
1 67
1 66
1 65
1 64
1 63
1 62
1 61
1 60
1 59
1 58
1 57
1 56
1 55
1 54
1 53
1 52
1 51
1 50
1 49
1 48
1 47
1 46
1 45
1 44
1 43
1 42
1 41
1 40
1 39
1 38
1 37
1 36
1 35
1 34
1 33
1 32
1 31
1 30
1 29
1 28
1 27
1 26
1 25
1 24
1 23
1 22
1 21
1 20
1 19
1 18
1 17
1 16
1 15
1 14
1 13
1 12
1 11
1 10
1 9
1 8
1 7
1 6
1 5
1 4
1 3
1 2
1 1
100 1
100 1
100 1
100 1
100 1
100 1
100 1
100 1
100 1
100 1
100 1
100 1
100 1
100 1
100 1
100 1
100 1
100 1
100 1
100 1
100 1
100 1
100 1
100 1
100 1
100 1
100 1
100 1
100 1
100 1
100 1
100 1
100 1
100 1
100 1
100 1
100 1
100 1
100 1
100 1
100 1
100 1
100 1
100 1
100 1
100 1
100 1
100 1
100 1
100 1
100 1
100 1
100 1
100 1
100 1
100 1
100 1
100 1
100 1
100 1
100 1
100 1
100 1
100 1
100 1
100 1
100 1
100 1
100 1
100 1
100 1
100 1
100 1
100 1
100 1
100 1
100 1
100 1
100 1
100 1
100 1
100 1
100 1
100 1
100 1
100 1
100 1
100 1
100 1
100 1
100 1
100 1
100 1
100 1
100 1
100 1
100 1
100 1
100 1
100 1
100 1
100 1
100 1
100 1
100 1
100 1
100 1
100 1
100 1
100 1
100 1
100 1
100 1
100 1
100 1
100 1
100 1
100 1
100 1
100 1
100 1
100 1
100 1
100 1
100 1
100 1
100 1
100 1
100 1
100 1
100 1
100 1
100 1
100 1
100 1
100 1
100 1
100 1
100 1
100 1
100 1
100 1
100 1
100 1
100 1
100 1
100 1
100 1
100 1
100 1
100 1
100 1
100 1
100 1
100 1
100 1
100 1
100 1
100 1
100 1
100 1
100 1
100 1
100 1
100 1
100 1
100 1
100 1
100 1
100 1
100 1
100 1
100 1
100 1
100 1
100 1
100 1
100 1
100 1
100 1
100 1
100 1
100 1
100 1
100 1
100 1
100 1
100 1
100 1
100 1
100 1
100 1
100 1
100 1
100 1
100 1
100 1
100 1
100 1
100 1
100 1
100 1
100 1
100 1
100 1
100 1
100 1
100 1
100 1
100 1
100 1
100 1
100 1
100 1
100 1
100 1
100 1
100 1
100 1
100 1
100 1
100 1
100 1
100 1
100 1
100 1
100 1
100 1
100 1
100 1
100 1
100 1
100 1
100 1
100 1
100 1
100 1
100 1
100 1
100 1
100 1
100 1
100 1
100 1
100 1
100 1
100 1
100 1
100 1
100 1
100 1
100 1
100 1
100 1
100 1
100 1
100 1
100 1
100 1
100 1
100 1
100 1
100 1
100 1
100 1
100 1
100 1
100 1
100 1
100 1
100 1
100 1
100 1
100 1
100 1
100 1
100 1
100 1
100 1
100 1
100 1
100 1
100 1
100 1
100 1
100 1
100 1
100 1
100 1
100 1
100 1
100 1
100 1
100 1
100 1
100 1
100 1
100 1
100 1
100 1
189 91 8431
123 91 8693
349 123 6629
349 301 2817
59 301 1217
376 59 1817
368 376 6823
368 338 7523
226 338 315
138 226 632
138 283 2550
305 283 6069
289 305 2873
167 289 7476
269 167 9185
390 269 6379
390 373 2699
83 373 5410
234 83 3418
234 388 9003
371 388 3479
371 112 1981
112 288 5753
288 182 1633
156 182 1173
156 344 2161
344 356 487
356 171 5389
171 106 7122
106 364 9233
364 262 2564
337 262 7524
337 357 9710
357 164 5297
163 164 9586
389 163 363
389 149 126
149 136 4813
210 136 5784
210 270 8816
386 270 6682
386 55 528
115 55 528
115 318 8129
277 318 7071
277 323 9677
323 315 4952
263 315 7890
263 203 5342
203 248 5338
248 165 357
165 370 5211
370 397 4043
397 72 4656
72 99 5163
99 208 4151
141 208 5999
372 141 5629
162 372 6598
162 227 2631
273 227 8039
2 273 1378
2 358 1381
358 285 4509
7 285 9267
7 303 7269
317 303 3898
298 317 4689
298 300 2984
396 300 5072
253 396 9547
229 253 3856
343 229 9311
57 343 8272
57 377 5572
377 174 2840
174 363 9139
240 363 1655
240 30 2594
30 54 13
209 54 7719
87 209 9275
87 33 249
24 33 2775
104 24 7421
124 104 8836
124 359 6464
359 395 6978
395 230 7824
383 230 1250
281 383 656
37 281 8300
160 37 7739
23 160 5972
118 23 3976
235 118 9866
276 235 6879
276 101 5986
302 101 1324
143 302 1812
319 143 1617
173 319 2404
173 295 3617
125 295 2628
125 195 6538
195 168 6569
307 168 8002
307 217 5852
217 332 4998
332 28 4545
219 28 15
177 219 6829
299 177 5030
192 299 6787
53 192 9208
4 53 4208
4 369 8093
51 369 9752
15 51 3350
15 351 5520
161 351 8710
212 161 2686
212 378 8403
378 274 702
41 274 7565
207 41 9574
207 254 8142
320 254 4796
178 320 5937
178 117 4743
117 132 6168
335 132 2435
335 348 8697
348 16 3000
392 16 2649
392 10 5965
342 10 8620
342 40 42
40 297 4523
236 297 891
137 236 8647
308 137 1404
353 308 429
44 353 497
44 12 1627
147 12 9364
147 181 3570
181 187 4565
187 150 2460
134 150 1789
32 134 8671
32 120 1571
354 120 1571
202 354 2755
202 326 1969
128 326 7292
128 374 2477
374 345 665
345 321 821
153 321 7954
153 290 3450
290 145 2148
145 242 190
103 242 7038
103 398 3278
398 393 3901
393 52 7683
304 52 5546
191 304 6660
191 334 6931
334 67 5454
67 180 3608
180 232 8774
232 384 6134
384 330 3438
122 330 9561
340 122 2710
18 340 1037
18 279 2213
172 279 3590
172 49 7769
49 391 177
391 310 6123
310 127 2235
130 127 8470
142 130 2352
142 77 9865
77 71 6374
71 13 3819
13 26 8571
69 26 9807
69 380 541
380 293 40
293 98 5961
42 98 3231
47 42 3557
97 47 6338
360 97 4066
94 360 7839
294 94 7740
294 200 5378
200 313 3556
296 313 4731
80 296 7728
80 260 2147
233 260 721
220 233 3329
220 79 1717
79 148 7096
306 148 526
186 306 8707
135 186 1875
135 152 4884
152 331 6534
331 102 1320
102 292 9302
196 292 9551
196 65 1525
244 65 6987
244 74 2637
74 105 6552
400 105 1774
265 400 2043
361 265 1211
341 361 1021
341 284 326
284 259 1514
169 259 3545
275 169 1396
275 188 7767
179 188 4158
179 366 4225
366 216 8646
216 70 3693
70 251 5442
251 339 1669
336 339 9151
144 336 7372
14 144 6934
109 14 2742
154 109 9984
154 291 7400
39 291 1931
39 21 6397
21 249 3821
225 249 1627
225 328 2424
328 73 5414
261 73 6879
246 261 3939
352 246 9080
352 198 9919
252 198 4786
252 185 9601
185 176 5321
218 176 8398
218 78 1480
78 325 3004
325 66 7647
110 66 6633
333 110 6661
333 312 3964
86 312 1295
86 50 8603
140 50 3953
382 140 3663
382 113 1524
113 38 6389
231 38 4857
231 215 8071
215 8 237
8 84 331
84 60 2958
121 60 7610
19 121 5453
19 139 7747
139 267 2676
267 287 7072
56 287 7818
184 56 9594
184 75 3365
146 75 2409
146 61 8271
61 158 142
193 158 3483
193 76 533
256 76 6586
314 256 757
314 3 3961
385 3 8138
224 385 5086
224 95 1605
100 95 1187
194 100 2465
11 194 4754
11 90 2553
90 46 2402
31 46 1705
221 31 528
205 221 307
213 205 6881
379 213 6723
379 111 1143
111 222 260
258 222 3986
355 258 724
355 350 922
350 155 2901
155 108 1466
238 108 870
27 238 1198
43 27 4482
43 197 1073
197 159 5063
116 159 5840
116 394 1610
394 324 3987
45 324 1128
278 45 3629
375 278 2256
329 375 9089
129 329 720
129 243 1976
243 264 6397
241 264 7648
92 241 6695
309 92 9191
206 309 2444
206 347 8713
223 347 9675
107 223 1926
107 183 7148
183 63 296
63 204 6382
204 245 2867
35 245 2993
35 48 9117
199 48 2694
199 20 9136
228 20 2452
228 399 3822
322 399 1868
114 322 2645
36 114 6334
36 190 2915
190 201 4717
151 201 1147
151 282 4545
282 34 4024
387 34 9868
126 387 626
5 126 8784
214 5 9407
266 214 7662
327 266 6235
362 327 4258
17 362 635
367 17 6461
367 286 111
268 286 7186
1 268 9526
1 250 3046
271 250 502
271 237 9794
237 257 2716
58 257 8186
9 58 7777
81 9 1539
81 64 6318
64 175 5857
346 175 1745
381 346 3374
25 381 6992
62 25 8066
62 170 5853
365 170 3327
93 365 5419
311 93 5036
311 29 2705
29 157 4485
157 247 2172
166 247 8849
88 166 8137
88 119 1540
316 119 2771
316 85 3957
85 133 6010
133 239 5890
272 239 2821
272 131 7955
96 131 7705
96 211 3149
211 255 6794
255 68 6440
6 68 8497
89 6 275
82 89 6447
82 280 9655
22 280 4626
