2000
67 63
53 76
97 11
11 55
16 60
59 35
13 57
78 78
83 16
24 77
43 67
96 11
23 15
28 58
8 58
33 9
55 58
23 32
39 74
32 14
48 47
59 64
88 15
11 75
31 36
27 8
84 49
40 65
76 97
42 47
57 32
80 62
71 65
87 65
69 49
34 94
79 69
95 75
53 18
9 3
48 26
100 23
95 29
61 21
59 98
17 30
30 46
16 30
99 51
4 92
47 53
48 23
29 35
24 57
39 58
21 53
58 65
100 34
47 68
39 25
100 22
62 3
91 49
10 73
47 5
32 88
82 20
63 33
45 80
89 12
26 73
100 54
10 57
77 5
43 1
11 95
18 38
47 82
46 100
68 19
63 13
100 8
40 57
68 59
22 1
62 68
51 81
78 38
80 70
46 55
57 76
2 49
4 73
8 3
8 7
25 35
17 90
91 99
94 20
34 7
0 24
12 3
41 41
80 73
34 65
42 21
100 22
64 43
29 83
46 21
77 18
16 58
94 13
20 58
0 42
93 83
67 35
55 83
40 62
11 63
41 33
77 63
38 74
46 39
86 85
78 46
69 62
65 60
69 16
85 37
39 66
29 32
23 18
73 93
25 27
35 15
62 91
87 57
44 84
42 63
95 26
75 72
49 14
73 17
32 34
42 40
17 12
59 2
66 79
8 73
46 96
85 75
39 86
24 3
35 12
16 17
1 46
42 80
26 90
49 9
68 24
60 91
63 17
97 9
44 60
29 79
42 13
52 53
72 22
54 81
90 63
49 67
31 14
63 5
82 87
68 15
12 44
22 1
3 56
26 72
1 25
6 91
56 95
42 70
63 39
56 98
29 56
74 54
90 93
84 37
20 11
19 57
56 41
82 99
57 53
48 84
97 68
90 72
20 37
29 78
18 98
79 43
25 20
53 17
54 75
16 82
16 85
52 21
88 95
50 70
3 77
74 5
79 79
22 40
98 83
91 32
21 58
18 92
64 25
7 70
67 13
20 33
92 2
97 100
0 11
51 83
67 38
88 95
9 73
82 65
24 86
86 25
9 7
5 77
66 25
70 59
22 54
4 6
70 40
14 86
91 56
24 61
31 63
73 90
34 99
83 72
57 41
16 90
59 58
65 45
65 52
90 69
69 74
1 1
24 18
65 46
89 26
34 15
84 85
85 58
77 60
87 36
38 60
73 57
0 22
55 34
89 76
69 88
96 45
92 38
28 69
6 46
63 45
36 72
89 86
91 70
74 92
49 23
17 28
85 26
74 35
85 66
77 87
98 40
57 32
90 56
60 100
57 24
97 30
77 49
52 57
30 35
56 59
47 15
56 80
68 7
13 65
40 82
63 13
8 85
47 62
48 17
54 67
2 53
95 97
84 14
88 35
100 1
22 18
5 81
9 56
81 6
8 37
1 46
81 64
61 86
25 24
22 31
38 2
58 77
57 16
44 91
51 66
7 48
54 88
99 45
77 81
67 69
89 42
84 6
67 94
14 76
79 33
93 98
42 18
25 75
39 61
13 87
76 12
79 28
98 50
69 15
74 86
69 42
18 29
93 97
20 34
56 27
75 69
74 72
56 34
89 65
34 95
37 64
96 77
6 28
84 46
15 55
5 15
1 46
62 9
85 72
71 61
88 43
63 36
41 92
57 18
35 65
16 43
68 68
63 7
87 73
23 46
66 12
83 61
35 100
35 22
81 75
65 30
11 36
58 3
81 81
85 51
90 64
28 91
80 4
64 100
97 91
97 82
48 23
73 86
12 30
19 4
65 66
8 41
11 81
2 33
99 20
82 52
54 90
37 89
38 56
99 92
60 46
5 81
14 8
34 9
89 94
80 16
99 93
28 70
62 63
77 82
18 73
35 25
81 71
93 49
58 67
57 33
25 6
50 62
23 43
86 47
32 25
93 49
37 56
36 74
31 2
27 3
49 24
35 83
56 38
22 6
79 63
92 85
1 38
83 44
99 56
46 6
27 23
73 23
13 42
22 20
21 50
25 43
11 12
78 49
4 61
82 28
40 26
55 56
19 20
94 36
81 94
27 65
57 24
70 19
67 24
46 21
28 35
26 74
55 95
59 59
51 42
38 75
23 21
46 28
2 58
57 44
79 58
12 16
46 99
36 76
15 30
3 99
82 16
64 37
47 83
66 62
35 26
50 72
84 68
13 31
69 1
100 4
48 5
63 28
62 62
27 34
11 40
94 56
50 59
84 26
75 5
57 80
68 89
4 66
27 75
18 72
23 96
56 74
38 36
53 48
44 23
1 22
58 85
85 40
58 98
28 36
5 81
84 20
60 46
54 5
53 65
70 72
100 65
16 80
32 50
64 36
45 99
65 67
48 87
26 5
89 38
49 52
85 46
85 27
4 47
76 29
82 55
67 58
44 62
96 5
95 26
19 97
87 74
79 89
43 48
23 57
41 51
36 60
5 58
73 63
54 46
88 7
38 42
68 74
60 12
2 98
36 95
50 78
37 71
45 73
20 65
44 44
36 48
48 99
99 59
48 31
4 100
29 35
27 75
91 72
21 79
1 97
19 78
86 39
46 84
0 94
82 14
43 56
45 11
25 46
42 46
73 47
47 37
66 3
61 65
44 17
61 27
51 40
81 15
50 21
79 71
82 92
64 27
38 31
17 22
30 95
79 67
42 40
18 52
75 65
12 67
94 52
37 92
34 59
41 66
36 71
100 33
76 99
51 23
47 16
62 34
9 12
74 25
68 49
26 47
84 36
22 60
54 65
65 9
47 9
68 6
72 85
1 70
82 12
21 39
22 8
46 3
20 53
54 10
18 55
79 88
89 57
93 9
43 21
62 55
20 78
32 73
0 67
77 54
36 86
30 35
45 74
6 88
72 100
54 96
99 88
22 84
98 98
32 98
22 63
28 6
69 82
61 81
100 38
2 24
0 6
27 87
30 34
93 87
25 99
29 80
29 22
94 43
70 93
87 31
73 47
20 78
19 98
54 3
18 57
43 94
5 18
52 27
96 12
70 30
27 26
85 74
19 41
55 45
17 2
93 100
62 74
9 55
90 97
33 31
40 1
58 74
60 97
82 39
75 17
59 54
58 47
76 50
37 39
81 69
49 12
21 48
64 55
25 20
13 43
0 76
64 53
40 17
57 44
27 58
79 64
9 63
13 28
77 59
44 94
20 37
86 39
25 72
97 46
23 35
59 33
21 4
79 9
64 74
58 89
50 9
35 18
26 33
24 93
56 11
27 57
63 35
26 95
16 57
51 48
59 90
63 54
79 97
34 45
63 71
2 59
46 36
28 49
30 7
47 60
31 64
39 57
84 88
11 85
75 36
38 40
16 82
90 90
53 92
23 82
96 66
59 6
46 35
35 43
99 2
5 79
55 35
61 5
13 91
90 44
84 68
0 14
35 10
38 21
71 49
46 15
67 88
30 10
75 21
80 32
34 35
64 25
1 24
19 53
42 10
95 68
7 96
11 70
14 12
33 52
82 76
58 20
7 37
75 52
47 100
99 86
99 92
96 71
7 82
92 33
85 43
38 45
1 15
4 89
78 58
11 86
39 4
52 54
4 49
92 32
2 58
79 63
69 65
25 12
47 19
96 54
15 96
0 96
69 74
74 98
65 25
3 52
77 83
33 12
73 96
14 84
40 72
51 23
31 80
77 44
12 25
69 71
20 7
2 33
37 77
44 98
59 57
52 41
21 15
13 74
17 85
33 34
40 70
49 44
48 35
69 87
6 49
38 85
45 21
74 30
81 44
2 71
82 38
94 73
34 89
48 93
34 29
76 73
17 68
12 44
78 63
42 94
19 55
90 70
61 85
26 25
11 50
95 44
1 84
21 92
24 17
84 35
70 77
7 50
78 33
37 58
64 100
8 8
9 63
57 85
96 81
66 81
31 25
57 86
68 50
76 11
82 58
95 15
80 78
93 44
21 22
10 27
39 54
16 1
98 44
74 27
92 63
54 22
36 15
83 47
20 93
56 65
87 30
35 50
92 23
46 59
25 7
22 6
75 65
84 42
39 91
24 10
64 52
34 73
0 89
15 22
36 78
42 86
13 67
16 46
48 67
51 99
74 52
66 95
42 48
6 26
11 17
48 89
80 76
28 45
46 35
98 47
52 98
49 67
71 58
53 46
48 37
72 25
28 37
94 38
28 17
9 45
11 19
92 68
70 95
86 51
31 92
79 7
48 88
64 63
59 11
64 75
16 66
29 96
88 94
4 24
89 90
82 16
44 48
88 23
43 8
80 93
52 90
7 96
43 87
51 22
58 53
68 99
81 18
4 96
98 78
88 88
38 24
67 86
65 43
32 47
55 52
9 74
92 7
83 89
14 98
91 57
54 34
77 68
37 65
25 74
85 30
4 75
60 10
4 63
89 95
21 44
89 32
8 19
75 44
60 35
42 34
98 39
11 52
74 38
41 46
66 37
23 10
51 7
97 10
72 52
29 13
55 24
40 54
83 85
25 21
86 64
85 7
25 68
86 64
64 80
29 39
60 21
66 30
80 87
3 54
30 48
30 97
80 49
5 62
2 57
83 10
66 51
51 1
39 40
70 42
34 6
28 54
31 59
15 89
50 28
62 11
63 79
88 95
89 86
66 6
80 79
100 38
9 13
28 99
28 12
47 14
9 12
47 8
76 10
52 9
64 88
56 17
79 65
17 79
34 20
45 68
4 25
9 18
72 81
6 58
22 35
38 59
57 99
51 21
68 62
63 60
87 1
82 48
11 55
12 4
28 42
52 6
36 29
71 83
11 63
47 39
17 22
55 10
7 50
20 12
51 64
56 35
70 18
7 79
19 60
91 15
60 56
38 38
58 90
99 50
46 47
68 36
32 48
0 56
4 25
95 11
5 59
33 14
85 28
13 92
42 85
86 72
3 46
84 60
81 65
49 58
27 62
56 45
26 81
15 67
12 96
35 44
83 87
44 61
90 69
96 69
45 29
100 27
98 73
38 38
50 41
96 34
80 19
13 4
70 53
74 35
71 48
23 8
12 80
60 95
47 25
5 63
72 20
81 16
67 40
95 35
81 62
79 21
59 6
58 83
27 89
0 42
19 72
80 39
94 35
15 53
22 86
23 98
37 14
15 58
10 67
31 86
70 40
57 84
83 20
60 92
76 8
41 50
89 77
67 8
64 7
66 27
39 26
73 34
94 64
37 99
47 47
25 68
80 80
39 75
85 8
22 5
27 26
4 49
12 78
49 89
26 49
61 29
14 92
60 30
2 81
58 65
82 55
70 53
13 45
58 98
16 54
88 70
53 20
64 5
40 39
47 92
68 71
84 55
22 81
50 55
10 5
27 5
39 7
83 88
41 96
63 9
5 63
40 41
27 61
100 46
55 100
64 66
56 15
68 25
82 63
20 77
54 73
41 54
30 100
85 23
15 19
69 87
80 10
9 1
84 81
26 18
100 14
48 27
71 17
24 38
61 24
7 100
73 80
90 66
29 9
66 8
10 100
28 61
13 19
38 9
34 9
94 83
77 8
77 27
27 7
14 55
43 60
73 68
98 86
85 15
54 86
86 32
28 83
53 84
30 91
51 90
72 100
45 27
20 27
37 58
25 11
34 84
59 74
81 56
84 76
85 31
70 28
49 19
52 6
80 21
54 73
19 76
61 70
1 52
83 21
63 11
73 49
58 89
26 54
21 82
14 64
1 24
1 77
45 65
31 71
35 67
25 53
26 31
0 32
91 83
63 24
85 83
63 99
67 53
38 96
41 28
38 61
65 30
77 20
19 66
53 6
84 61
62 67
40 58
59 25
74 63
16 76
76 74
80 75
76 78
65 41
2 15
99 4
12 71
70 54
31 57
76 1
94 66
10 32
73 63
29 85
37 58
36 31
70 52
6 81
24 54
46 40
23 67
51 91
46 49
14 25
52 75
36 42
42 67
38 35
62 88
86 8
27 14
27 23
79 57
67 79
55 90
15 93
6 79
76 17
31 62
78 84
15 28
97 8
26 96
98 17
47 46
84 19
69 36
45 28
77 28
76 67
4 14
6 8
98 12
47 3
10 52
100 99
33 24
88 76
20 45
19 57
96 84
47 69
23 80
1 100
37 46
48 32
88 74
13 38
71 71
52 31
20 87
9 47
7 11
34 45
80 21
47 47
31 88
81 6
46 22
43 73
59 91
36 91
10 73
19 51
100 86
100 47
89 53
41 83
81 72
73 15
6 18
61 59
91 45
59 39
23 58
45 58
13 83
30 22
73 100
70 85
42 2
96 59
65 89
85 76
39 61
78 10
53 86
57 42
83 14
91 39
96 3
59 12
15 42
76 32
52 27
10 66
0 90
45 66
4 86
68 68
95 32
92 87
37 58
31 23
72 88
57 71
78 58
42 34
62 91
69 22
76 50
34 25
46 68
57 96
56 57
87 17
62 78
82 25
81 22
30 6
95 31
73 25
35 79
22 4
52 60
5 54
62 17
81 75
79 14
100 41
46 34
75 59
38 94
97 69
42 17
100 44
88 78
25 59
70 74
59 46
0 11
29 87
9 28
49 34
98 81
18 54
36 33
78 4
63 14
67 21
17 41
35 96
13 99
66 89
5 39
17 29
0 77
55 5
7 2
99 40
17 25
44 45
38 93
92 46
7 4
89 51
46 4
33 70
50 100
44 57
83 53
65 32
96 61
66 57
96 48
63 5
65 6
73 61
99 72
56 84
96 37
43 87
53 75
6 14
31 58
75 37
9 85
28 80
37 73
80 82
79 26
7 16
39 15
95 99
55 48
71 3
68 89
32 15
49 6
0 29
63 21
41 28
44 56
82 43
53 19
100 52
35 48
88 77
52 85
1 61
82 50
83 58
33 68
87 21
87 5
67 51
63 69
23 95
33 71
87 67
36 13
81 100
42 13
46 68
72 84
90 6
90 62
98 53
16 26
14 17
62 95
70 34
52 89
10 25
61 25
81 48
83 5
73 49
49 43
1 46
39 16
55 87
81 55
99 4
98 42
52 9
52 57
65 76
76 71
30 70
92 33
88 20
16 79
53 87
30 8
59 46
50 89
88 19
4 87
54 36
73 73
58 67
85 92
54 16
52 73
22 10
49 58
82 33
61 25
64 99
50 1
74 84
29 79
2 46
35 64
66 56
6 43
16 86
18 49
56 10
42 56
64 86
69 89
94 14
9 1
87 59
10 2
14 85
44 33
39 40
94 19
39 77
22 44
49 27
39 35
33 87
90 20
14 1
3 98
57 68
27 37
71 10
61 7
39 51
47 68
5 2
95 32
25 61
70 40
90 5
49 9
98 58
98 100
42 20
71 45
55 78
35 63
91 81
73 3
12 1
91 4
92 59
31 74
93 14
42 30
53 4
73 82
7 44
68 66
56 65
52 73
71 72
70 80
58 70
24 95
55 24
97 29
79 68
88 35
40 52
16 52
35 32
70 51
91 43
88 60
90 58
93 52
48 23
81 59
53 32
27 7
79 62
1 39
95 79
41 53
43 38
73 44
13 26
49 68
11 33
100 59
99 83
45 96
7 13
30 42
81 51
31 83
11 94
57 25
26 38
19 93
50 12
58 15
77 85
100 5
94 2
62 79
66 14
40 46
55 41
96 39
27 8
63 55
14 85
71 24
6 53
11 3
42 22
34 76
97 70
14 18
49 16
89 67
56 89
100 94
74 12
82 63
4 10
69 39
65 37
77 69
75 90
17 51
74 68
22 45
79 67
8 50
62 21
67 13
56 8
95 16
63 12
81 34
2 94
47 6
87 37
11 65
68 83
68 25
19 23
68 40
44 94
91 34
97 40
49 39
78 65
20 11
56 4
23 68
84 86
15 45
7 10
37 55
73 87
88 64
97 7
19 14
95 63
16 19
43 74
94 6
61 50
19 96
56 96
43 24
88 16
70 36
55 34
73 50
35 91
82 65
27 14
95 27
67 76
22 74
70 2
27 42
23 79
69 75
2 41
43 28
39 68
85 39
50 24
96 97
48 74
58 40
80 90
68 39
13 39
35 22
4 80
46 15
65 62
53 40
7 70
26 42
71 24
85 37
86 44
10 81
4 80
50 57
38 86
99 82
65 44
76 42
34 13
5 60
98 77
8 99
57 59
23 99
13 94
41 68
29 3
22 90
48 46
92 35
20 35
89 23
77 81
100 93
93 79
17 83
71 55
1 83
13 97
80 35
63 81
94 54
24 52
62 48
34 70
89 48
60 11
12 31
45 4
53 92
60 5
19 58
15 61
9 10
25 79
98 21
85 86
85 36
58 23
76 46
100 15
2 90
81 5
57 50
75 24
64 75
19 92
64 66
17 17
2 14
48 85
48 67
37 36
51 78
51 57
53 86
62 34
36 6
66 46
66 20
53 86
19 30
13 22
49 87
70 45
55 20
37 68
18 51
50 51
51 60
12 8
81 30
7 77
10 64
45 48
23 89
4 21
18 100
31 22
11 40
8 25
19 68
8 63
95 86
18 84
47 85
69 11
20 83
4 55
53 80
8 66
90 40
9 97
19 79
9 96
31 47
77 64
86 89
55 14
4 60
76 77
39 6
64 3
85 17
43 8
85 61
33 32
20 26
42 38
62 81
41 25
74 98
27 34
91 65
55 41
6 25
82 40
48 67
44 78
32 43
41 5
48 100
16 59
71 4
1 65
77 75
70 4
48 54
40 67
96 30
64 49
54 72
61 5
14 60
46 99
80 39
54 73
33 42
85 2
12 63
99 93
29 49
95 5
89 79
77 88
65 41
40 49
46 62
35 35
43 1
79 79
70 55
46 4
24 16
41 65
28 2
39 67
34 42
65 45
89 9
77 52
0 70
14 30
97 60
81 22
90 90
72 5
1 8
23 83
83 77
18 93
74 52
95 89
30 84
17 51
12 43
39 75
39 48
38 63
45 31
69 82
100 14
40 45
2 54
0 57
77 28
56 9
4 48
20 61
60 85
4 63
81 26
23 70
52 21
92 24
31 46
36 100
43 46
77 11
44 53
43 66
96 92
63 17
58 95
1 2 6605
3 1 751
4 2 6043
5 2 9117
3 6 8053
3 7 724
4 8 2614
9 4 6631
5 10 3583
11 5 2519
12 6 1299
13 6 5780
7 14 5126
15 7 930
8 16 8755
8 17 3711
9 18 1629
9 19 4196
20 10 7433
10 21 2843
11 22 410
11 23 2400
12 24 8141
25 12 234
13 26 2614
27 13 2284
14 28 5626
14 29 1063
15 30 6159
31 15 9379
32 16 5489
33 16 4494
17 34 1526
35 17 6547
36 18 1796
18 37 8734
19 38 9057
19 39 5999
20 40 2187
20 41 8941
21 42 1866
21 43 1566
44 22 2611
45 22 2164
46 23 702
47 23 7834
48 24 618
24 49 671
25 50 1215
51 25 8914
26 52 4900
53 26 3391
27 54 5314
27 55 3000
28 56 1865
28 57 6360
58 29 5554
29 59 9332
60 30 4436
61 30 659
62 31 7451
63 31 3712
32 64 2358
65 32 5517
33 66 367
67 33 9817
34 68 5345
34 69 1669
70 35 2485
71 35 1220
72 36 5421
73 36 5426
74 37 6037
75 37 9191
76 38 8887
77 38 2987
78 39 1550
39 79 3532
40 80 3453
40 81 1629
41 82 5104
41 83 5186
42 84 99
42 85 521
43 86 322
87 43 1419
44 88 1169
89 44 100
45 90 7661
45 91 3854
92 46 9346
93 46 2773
47 94 2895
95 47 9527
48 96 5015
48 97 8794
98 49 7993
49 99 5586
100 50 6194
101 50 1315
51 102 561
51 103 3460
104 52 7484
105 52 7061
106 53 6753
107 53 4514
54 108 6495
109 54 5736
110 55 2294
55 111 7496
56 112 988
113 56 6122
57 114 818
115 57 1763
116 58 3494
117 58 3050
118 59 4154
119 59 2920
120 60 3877
60 121 2318
61 122 3321
61 123 8699
124 62 9381
125 62 317
63 126 2539
127 63 6184
128 64 8148
129 64 3749
65 130 4579
131 65 3565
66 132 4696
133 66 7447
134 67 2966
135 67 4478
136 68 7158
68 137 7366
138 69 9357
69 139 1344
70 140 7116
141 70 1516
71 142 8407
71 143 4510
72 144 6104
145 72 69
146 73 9492
73 147 3784
74 148 862
149 74 1713
150 75 3611
75 151 7454
152 76 9734
153 76 262
77 154 533
77 155 4794
156 78 7180
157 78 2588
79 158 2816
79 159 7731
80 160 62
80 161 7263
162 81 2221
163 81 1547
164 82 354
165 82 7921
83 166 1922
83 167 1346
168 84 6845
169 84 4549
85 170 4505
85 171 8800
172 86 4349
173 86 7813
87 174 8975
175 87 1279
176 88 5296
88 177 3005
178 89 1414
89 179 4462
180 90 7130
90 181 5326
91 182 7412
183 91 288
92 184 6563
92 185 7564
186 93 8145
93 187 4987
188 94 1767
94 189 2497
190 95 1005
191 95 761
192 96 5444
193 96 1527
97 194 2168
195 97 6474
98 196 752
98 197 5281
99 198 1575
199 99 5824
200 100 5328
201 100 7667
101 202 4774
101 203 5154
102 204 2642
205 102 5733
206 103 2240
207 103 890
208 104 4212
209 104 5317
105 210 3257
105 211 8935
106 212 842
213 106 9090
214 107 5125
107 215 8603
216 108 6876
217 108 4241
109 218 4158
109 219 5742
220 110 5782
221 110 4876
222 111 770
111 223 6553
112 224 8135
112 225 654
113 226 978
113 227 3372
228 114 2626
114 229 152
230 115 2452
115 231 2217
232 116 7775
116 233 2159
117 234 818
235 117 7830
118 236 59
118 237 5531
119 238 2826
119 239 4511
240 120 6580
241 120 9306
242 121 9772
243 121 3186
244 122 6927
122 245 4587
246 123 9934
247 123 7665
248 124 5730
124 249 8388
125 250 2955
125 251 9907
252 126 5481
253 126 7101
127 254 2159
255 127 4467
128 256 53
257 128 6834
129 258 4365
259 129 9184
130 260 4632
130 261 2309
131 262 3162
263 131 5052
264 132 2971
132 265 9849
133 266 7983
267 133 2333
268 134 9353
134 269 2776
270 135 3435
271 135 7998
136 272 817
136 273 5358
274 137 7631
137 275 9583
138 276 6695
277 138 4251
139 278 6944
139 279 1889
140 280 2867
140 281 21
141 282 2536
141 283 1179
284 142 9041
285 142 4004
143 286 8837
143 287 8552
144 288 2272
144 289 6949
145 290 4424
145 291 4470
146 292 7971
146 293 2376
294 147 7000
295 147 8633
296 148 6083
148 297 641
149 298 9693
149 299 3318
300 150 3051
301 150 490
151 302 8693
151 303 9752
152 304 7882
152 305 3008
153 306 1586
153 307 4110
308 154 5076
154 309 2434
155 310 6570
311 155 4843
156 312 8881
313 156 5
157 314 1749
315 157 9637
158 316 9949
158 317 8498
159 318 851
319 159 5399
160 320 9479
160 321 3190
161 322 9636
323 161 639
162 324 5762
162 325 2897
163 326 2574
163 327 4720
164 328 3127
164 329 1896
330 165 218
331 165 9057
332 166 1137
166 333 7011
334 167 4071
335 167 5628
336 168 3423
168 337 8176
338 169 8309
169 339 9136
340 170 7845
341 170 1566
171 342 1148
171 343 5408
172 344 748
345 172 8355
173 346 8595
347 173 1745
174 348 3613
349 174 7110
350 175 1865
175 351 3520
176 352 2746
353 176 9669
354 177 6559
355 177 3786
178 356 4741
357 178 4497
358 179 412
179 359 3154
180 360 9271
361 180 749
181 362 1288
363 181 1438
182 364 7211
182 365 2594
183 366 1425
183 367 9562
184 368 6704
369 184 7630
370 185 2553
185 371 3412
186 372 2699
186 373 6001
374 187 9398
187 375 4382
188 376 9058
377 188 5935
378 189 7457
379 189 352
190 380 9058
190 381 8288
382 191 1927
191 383 579
384 192 3994
385 192 8579
193 386 3675
193 387 2551
194 388 8029
194 389 4182
195 390 1890
195 391 157
392 196 3300
196 393 1792
394 197 2710
197 395 1502
198 396 186
397 198 2808
398 199 6228
399 199 9107
400 200 606
401 200 4523
201 402 3757
403 201 9306
202 404 8180
202 405 8170
406 203 8120
203 407 6183
408 204 789
204 409 9993
410 205 6335
411 205 9152
206 412 8922
413 206 8561
414 207 1934
415 207 9553
208 416 9829
417 208 4031
418 209 3079
419 209 7494
420 210 2361
421 210 5346
422 211 4769
423 211 5572
212 424 381
212 425 7697
213 426 2372
213 427 1136
428 214 6428
214 429 675
430 215 334
215 431 965
216 432 8856
216 433 1158
217 434 6673
435 217 2803
218 436 6450
437 218 9657
219 438 499
219 439 8842
220 440 6532
220 441 1393
442 221 4077
443 221 8227
222 444 9463
445 222 840
446 223 4701
447 223 5336
448 224 9405
224 449 985
225 450 484
451 225 5560
452 226 857
226 453 7765
454 227 3192
455 227 8388
228 456 9298
228 457 289
458 229 5618
229 459 8612
230 460 388
461 230 4533
462 231 4753
231 463 8226
464 232 4334
465 232 7919
466 233 5206
233 467 6269
468 234 1588
234 469 5662
470 235 4406
235 471 6776
472 236 3263
473 236 152
237 474 8684
475 237 6809
238 476 6089
238 477 9957
478 239 3892
479 239 3674
240 480 6562
240 481 3553
241 482 5216
241 483 7307
484 242 253
242 485 2061
243 486 4919
487 243 1214
488 244 9683
489 244 5007
245 490 8641
491 245 5818
246 492 127
246 493 1869
494 247 5804
495 247 4825
248 496 9072
497 248 1574
249 498 9643
499 249 5690
500 250 5755
250 501 7770
502 251 7490
503 251 784
252 504 4342
252 505 9901
253 506 4539
507 253 4976
254 508 7822
509 254 6056
255 510 9555
255 511 9463
512 256 3218
256 513 3927
257 514 5757
257 515 1377
258 516 8134
258 517 780
518 259 1326
259 519 7507
260 520 5857
260 521 907
522 261 5712
523 261 3795
524 262 2862
525 262 6556
526 263 1728
263 527 8315
528 264 3183
264 529 812
265 530 1120
531 265 6201
532 266 7494
533 266 1180
267 534 4853
267 535 2514
268 536 1210
268 537 5120
538 269 9642
539 269 6426
270 540 4536
541 270 1201
542 271 2587
271 543 1213
272 544 3215
545 272 6220
273 546 1434
273 547 3866
274 548 6770
274 549 1777
550 275 2942
551 275 9874
276 552 218
553 276 3429
554 277 5791
277 555 4430
556 278 2194
278 557 3313
279 558 4380
279 559 5398
560 280 3162
280 561 2400
562 281 7157
281 563 1019
564 282 4500
565 282 4708
283 566 2449
567 283 2766
284 568 9994
569 284 2210
285 570 2841
285 571 4006
572 286 8022
286 573 5537
574 287 5803
575 287 8286
576 288 8472
577 288 5391
289 578 7960
289 579 8948
580 290 6515
290 581 7597
291 582 1142
583 291 7308
584 292 8784
292 585 1630
293 586 8687
587 293 8763
588 294 2570
589 294 6011
295 590 2000
591 295 9164
296 592 4657
296 593 2258
297 594 7195
595 297 8046
596 298 2552
298 597 6323
299 598 7077
299 599 5956
600 300 4902
601 300 2881
602 301 4905
301 603 4180
604 302 920
302 605 3895
303 606 99
303 607 1961
608 304 61
304 609 2785
610 305 7429
611 305 1649
306 612 4105
613 306 6094
307 614 6454
615 307 6879
616 308 9491
308 617 8181
309 618 5054
619 309 5914
310 620 2055
621 310 9373
311 622 3676
623 311 780
624 312 1396
625 312 1619
313 626 3216
313 627 7732
314 628 6575
629 314 7607
630 315 7457
315 631 117
316 632 6527
633 316 3535
317 634 4680
317 635 7029
636 318 9487
318 637 6419
319 638 5523
319 639 4366
320 640 5439
320 641 6128
642 321 5555
321 643 8912
322 644 2658
322 645 2582
646 323 7487
647 323 7581
324 648 8353
649 324 7674
325 650 238
325 651 9692
326 652 7863
326 653 4500
654 327 7648
327 655 3335
656 328 1796
657 328 1937
658 329 1894
659 329 5213
660 330 651
661 330 994
662 331 390
663 331 6896
332 664 1843
332 665 1420
666 333 2936
333 667 6247
668 334 9129
669 334 2406
670 335 8508
671 335 1246
336 672 140
336 673 3998
674 337 4433
337 675 1298
676 338 8912
677 338 2148
339 678 1999
339 679 2021
680 340 540
340 681 2781
682 341 7663
341 683 6448
684 342 828
342 685 1650
686 343 5773
687 343 763
344 688 6816
344 689 9982
690 345 3517
691 345 9239
692 346 1403
346 693 835
694 347 4595
347 695 9861
348 696 4212
348 697 7398
349 698 8521
349 699 4684
700 350 6104
701 350 303
351 702 6333
703 351 7496
352 704 4390
705 352 4122
353 706 7008
353 707 5749
708 354 450
354 709 104
355 710 9672
355 711 6424
712 356 2067
356 713 5327
714 357 4367
357 715 2758
358 716 8165
358 717 1925
359 718 6290
719 359 3386
360 720 2104
721 360 8905
361 722 9219
723 361 2180
362 724 5679
725 362 6795
726 363 2408
363 727 7893
364 728 609
364 729 8719
730 365 2201
365 731 1572
732 366 3051
366 733 3870
367 734 5430
735 367 8860
736 368 3725
737 368 7844
369 738 8143
739 369 7291
370 740 2312
370 741 4307
371 742 9961
371 743 628
372 744 3639
745 372 7983
373 746 6544
747 373 4974
374 748 7939
749 374 7280
750 375 5519
751 375 7907
376 752 4156
753 376 5475
754 377 6522
377 755 7251
378 756 5639
757 378 5993
758 379 1477
759 379 4558
380 760 6091
380 761 1782
762 381 5594
381 763 1453
764 382 1763
765 382 1555
766 383 311
383 767 234
768 384 8367
769 384 125
770 385 3549
385 771 99
772 386 9315
386 773 4532
387 774 2547
387 775 859
776 388 8502
777 388 2573
778 389 4001
779 389 4137
780 390 7364
781 390 7120
782 391 7237
783 391 4647
392 784 8621
392 785 8378
786 393 2097
787 393 9588
788 394 9828
394 789 861
395 790 2443
791 395 4274
792 396 3169
396 793 1067
397 794 3931
397 795 3561
796 398 4879
797 398 2655
399 798 177
399 799 7362
400 800 1086
400 801 5076
401 802 2557
803 401 269
804 402 3730
402 805 4171
403 806 2420
403 807 9724
404 808 1826
404 809 1769
810 405 2930
405 811 4902
812 406 42
813 406 631
407 814 7763
815 407 4773
408 816 1994
408 817 1616
409 818 3464
819 409 5175
410 820 3173
410 821 215
822 411 184
823 411 2305
412 824 2434
825 412 7439
826 413 1597
827 413 743
414 828 8655
414 829 80
830 415 2307
831 415 5141
832 416 4873
416 833 4889
417 834 876
417 835 6442
836 418 3141
418 837 3000
838 419 958
839 419 6215
840 420 2394
841 420 4628
421 842 3139
843 421 5541
844 422 4884
845 422 7220
423 846 5337
423 847 4140
424 848 4387
424 849 8340
850 425 1760
851 425 6381
426 852 4218
426 853 4791
427 854 5342
427 855 3065
856 428 8097
428 857 912
858 429 3822
859 429 3927
430 860 5731
430 861 360
431 862 7597
431 863 2082
864 432 5264
865 432 3676
866 433 604
433 867 1945
868 434 7052
434 869 1644
870 435 8689
435 871 7405
436 872 2606
873 436 2124
874 437 8053
875 437 7942
438 876 1027
877 438 8839
439 878 1815
439 879 3919
440 880 5064
881 440 855
882 441 40
883 441 1957
884 442 659
442 885 638
886 443 5565
443 887 124
444 888 3515
444 889 5120
445 890 4992
891 445 8730
446 892 7899
893 446 4711
894 447 1631
447 895 7545
448 896 9716
897 448 6397
898 449 7452
899 449 8186
900 450 8584
450 901 9878
902 451 6987
451 903 2285
904 452 4015
905 452 7780
453 906 7479
453 907 378
454 908 7381
454 909 9360
910 455 2669
455 911 7195
456 912 9674
913 456 2312
457 914 6672
457 915 1503
916 458 8273
458 917 5723
918 459 5955
919 459 2361
460 920 2898
460 921 4542
461 922 338
923 461 8846
924 462 5032
462 925 6891
463 926 2538
927 463 43
464 928 3763
929 464 7165
930 465 748
465 931 5725
466 932 1703
466 933 8326
934 467 6382
935 467 3463
468 936 1788
937 468 2569
938 469 7609
469 939 7504
940 470 7548
941 470 3504
942 471 2524
471 943 7906
944 472 9176
472 945 2246
473 946 4712
473 947 3771
948 474 1987
474 949 8862
950 475 9698
475 951 576
476 952 2373
953 476 2811
477 954 4244
955 477 4357
956 478 6153
478 957 5350
958 479 5901
479 959 7239
480 960 399
480 961 8171
481 962 1740
481 963 1507
482 964 2299
482 965 9532
966 483 8249
967 483 4395
484 968 1941
969 484 13
970 485 5484
485 971 7592
486 972 5975
973 486 5142
487 974 6851
975 487 6371
976 488 1986
977 488 1044
978 489 5296
979 489 1130
490 980 3113
490 981 8024
982 491 6361
491 983 1953
492 984 612
492 985 7174
986 493 4711
987 493 4495
494 988 6670
494 989 3847
990 495 9848
991 495 9341
992 496 2392
496 993 760
497 994 6989
995 497 3322
498 996 1572
997 498 1353
998 499 7580
499 999 458
1000 500 6874
500 1001 8318
1002 501 62
1003 501 2530
502 1004 6262
502 1005 8994
1006 503 7506
503 1007 9294
1008 504 4600
1009 504 8239
505 1010 5945
505 1011 2331
506 1012 6579
506 1013 2023
1014 507 4664
1015 507 1757
508 1016 6511
1017 508 1263
1018 509 586
1019 509 6570
510 1020 2840
510 1021 3598
511 1022 7195
511 1023 4013
1024 512 7196
512 1025 5426
1026 513 4974
1027 513 5348
1028 514 8176
514 1029 3563
1030 515 1287
1031 515 2339
1032 516 8140
516 1033 9311
517 1034 5617
1035 517 3359
1036 518 90
518 1037 1700
519 1038 9962
519 1039 4227
520 1040 7131
520 1041 9753
521 1042 3330
521 1043 4206
522 1044 930
1045 522 6061
523 1046 1408
1047 523 1635
1048 524 1511
1049 524 2326
525 1050 2637
1051 525 9816
526 1052 7301
526 1053 8364
527 1054 8839
527 1055 9768
1056 528 8653
528 1057 7979
529 1058 5023
1059 529 8145
1060 530 3313
1061 530 2324
1062 531 7131
1063 531 8182
1064 532 905
532 1065 5661
533 1066 3877
533 1067 1966
1068 534 1058
1069 534 2445
535 1070 6074
535 1071 7875
536 1072 8842
536 1073 2353
1074 537 4971
1075 537 1044
538 1076 1093
1077 538 1721
1078 539 5312
1079 539 7923
540 1080 8971
540 1081 1227
541 1082 2480
541 1083 1544
1084 542 9079
1085 542 3823
543 1086 7595
543 1087 5964
1088 544 5914
544 1089 8914
545 1090 2848
1091 545 8655
546 1092 2870
546 1093 1876
547 1094 6487
547 1095 1443
548 1096 1188
1097 548 6425
1098 549 9112
1099 549 9391
1100 550 6382
550 1101 636
551 1102 4082
1103 551 557
1104 552 2613
552 1105 1959
553 1106 4773
553 1107 6907
554 1108 5612
1109 554 4204
1110 555 5944
555 1111 9502
1112 556 5867
556 1113 5215
557 1114 5348
557 1115 986
1116 558 3582
558 1117 2041
1118 559 7127
559 1119 1115
1120 560 2819
560 1121 9575
1122 561 3314
561 1123 1904
1124 562 3583
562 1125 8377
563 1126 9883
1127 563 4731
564 1128 4154
1129 564 9812
1130 565 7516
1131 565 1986
566 1132 4126
566 1133 993
1134 567 3074
1135 567 8977
568 1136 7708
568 1137 5339
569 1138 255
1139 569 6085
570 1140 9416
1141 570 5093
1142 571 6488
571 1143 7170
572 1144 24
572 1145 689
1146 573 5624
573 1147 5455
1148 574 4296
1149 574 5930
1150 575 4715
575 1151 117
576 1152 4057
576 1153 2155
1154 577 6596
1155 577 4835
1156 578 5805
578 1157 8837
579 1158 5927
579 1159 1501
580 1160 8588
580 1161 2109
1162 581 1664
581 1163 6328
582 1164 8739
1165 582 1852
583 1166 1290
1167 583 687
1168 584 4240
1169 584 5646
1170 585 5321
585 1171 8178
586 1172 1047
1173 586 9587
587 1174 9281
1175 587 2577
588 1176 3952
1177 588 9361
589 1178 1308
589 1179 4181
590 1180 9399
590 1181 2016
1182 591 6792
1183 591 1480
1184 592 698
592 1185 765
1186 593 326
1187 593 8008
594 1188 6271
594 1189 3879
1190 595 5148
1191 595 7129
1192 596 6891
1193 596 1525
597 1194 2212
597 1195 1536
1196 598 3820
598 1197 3470
599 1198 3355
599 1199 5160
600 1200 8704
600 1201 5183
1202 601 7491
601 1203 9168
602 1204 5435
1205 602 9273
1206 603 273
603 1207 9291
1208 604 5477
1209 604 400
1210 605 1248
605 1211 7246
606 1212 5146
606 1213 8749
1214 607 636
607 1215 4566
608 1216 4664
1217 608 365
609 1218 4680
1219 609 5600
610 1220 8101
1221 610 6048
1222 611 8921
611 1223 5071
1224 612 614
612 1225 4346
613 1226 1736
613 1227 5882
614 1228 6585
1229 614 6950
615 1230 1972
615 1231 7179
1232 616 6748
1233 616 1566
617 1234 669
617 1235 1425
1236 618 3891
1237 618 6580
619 1238 9035
1239 619 6190
620 1240 8806
620 1241 5517
621 1242 6213
621 1243 1114
1244 622 4177
1245 622 2656
1246 623 9914
623 1247 7886
1248 624 7027
1249 624 5067
625 1250 1755
625 1251 5402
626 1252 799
1253 626 5966
627 1254 7774
1255 627 704
628 1256 2158
1257 628 8782
1258 629 3661
1259 629 4022
630 1260 2330
630 1261 7012
631 1262 8997
1263 631 6216
632 1264 4868
632 1265 9867
1266 633 7912
1267 633 3700
1268 634 1344
1269 634 3094
635 1270 1516
1271 635 6844
636 1272 68
1273 636 8344
637 1274 7818
637 1275 3095
1276 638 5516
638 1277 9417
1278 639 4671
639 1279 6336
640 1280 5241
1281 640 7063
1282 641 2798
1283 641 4358
642 1284 1950
642 1285 643
643 1286 3084
643 1287 7482
644 1288 305
644 1289 3888
645 1290 562
1291 645 4229
1292 646 1040
646 1293 296
647 1294 2671
647 1295 9823
1296 648 5945
648 1297 471
1298 649 4819
649 1299 5593
650 1300 3568
650 1301 6782
1302 651 7285
1303 651 132
1304 652 702
1305 652 8897
1306 653 1295
653 1307 5191
1308 654 1804
654 1309 8329
1310 655 1341
1311 655 5661
1312 656 380
1313 656 466
657 1314 1601
657 1315 260
1316 658 8288
1317 658 3470
659 1318 5377
659 1319 5248
660 1320 225
1321 660 5105
661 1322 3095
661 1323 1158
1324 662 3546
662 1325 8755
1326 663 2080
1327 663 4705
1328 664 9242
664 1329 2913
665 1330 7215
665 1331 8624
1332 666 8261
666 1333 6460
1334 667 2295
667 1335 2390
1336 668 6836
668 1337 8040
669 1338 1028
1339 669 1945
670 1340 2064
1341 670 5070
1342 671 7202
671 1343 7988
672 1344 1595
1345 672 235
673 1346 2180
1347 673 53
674 1348 5703
1349 674 6991
1350 675 3263
1351 675 5759
1352 676 7933
676 1353 1487
1354 677 3837
1355 677 313
1356 678 1528
1357 678 9028
679 1358 8234
679 1359 1181
680 1360 2103
1361 680 345
1362 681 3466
681 1363 2394
1364 682 3966
682 1365 7328
1366 683 8881
1367 683 2498
1368 684 2678
1369 684 3022
685 1370 2250
1371 685 2589
686 1372 8936
1373 686 6170
687 1374 5921
1375 687 4597
688 1376 5494
1377 688 7715
1378 689 8328
1379 689 4296
690 1380 931
690 1381 9063
691 1382 7269
1383 691 6089
1384 692 1365
692 1385 1244
693 1386 6210
1387 693 6350
694 1388 1354
1389 694 3067
1390 695 221
1391 695 5955
1392 696 6560
696 1393 2304
697 1394 6630
697 1395 118
698 1396 2844
1397 698 971
699 1398 228
1399 699 8489
700 1400 8820
700 1401 7474
1402 701 2111
1403 701 9972
702 1404 1445
1405 702 7309
703 1406 7543
1407 703 4848
1408 704 1230
1409 704 632
1410 705 8524
705 1411 1629
706 1412 1554
706 1413 9461
1414 707 8772
1415 707 5228
1416 708 3770
1417 708 7895
1418 709 2792
709 1419 7542
710 1420 4705
710 1421 4744
711 1422 3511
711 1423 6579
1424 712 5494
712 1425 1940
1426 713 7842
1427 713 2468
1428 714 8974
1429 714 5356
715 1430 5902
1431 715 7546
716 1432 2239
1433 716 8644
1434 717 3077
1435 717 5020
1436 718 2230
718 1437 7781
1438 719 5734
719 1439 21
1440 720 5409
1441 720 7564
1442 721 4864
1443 721 8148
1444 722 9846
722 1445 1577
723 1446 8298
723 1447 5786
1448 724 5851
724 1449 2417
725 1450 4239
725 1451 8544
726 1452 5180
726 1453 1548
727 1454 2730
1455 727 9758
728 1456 5400
728 1457 8791
729 1458 4622
1459 729 9892
730 1460 4515
730 1461 6531
1462 731 1857
1463 731 7701
1464 732 6294
1465 732 7397
1466 733 9532
1467 733 3351
1468 734 315
734 1469 500
735 1470 540
735 1471 9477
1472 736 9953
736 1473 6238
737 1474 3060
1475 737 5262
738 1476 6158
1477 738 2419
739 1478 4457
739 1479 1219
1480 740 856
740 1481 1096
741 1482 3125
741 1483 7628
742 1484 7227
742 1485 4582
1486 743 3349
1487 743 3043
744 1488 6390
744 1489 6008
1490 745 875
745 1491 7527
1492 746 8014
746 1493 2465
747 1494 428
1495 747 3371
748 1496 5193
1497 748 979
1498 749 6706
1499 749 8661
750 1500 8340
1501 750 7529
751 1502 5627
751 1503 1727
752 1504 3166
752 1505 7998
753 1506 5209
753 1507 3529
1508 754 4458
1509 754 5380
1510 755 545
755 1511 1365
1512 756 6721
1513 756 9374
757 1514 2876
1515 757 6682
758 1516 8910
1517 758 1334
759 1518 7224
759 1519 8674
760 1520 496
760 1521 360
761 1522 6887
1523 761 1356
1524 762 7164
762 1525 1972
763 1526 7567
763 1527 2587
764 1528 9528
764 1529 5792
1530 765 8985
1531 765 1028
766 1532 2561
766 1533 1780
1534 767 8275
1535 767 1668
768 1536 2502
1537 768 7805
1538 769 4254
769 1539 9895
770 1540 635
770 1541 235
771 1542 7936
1543 771 754
1544 772 2231
1545 772 9074
773 1546 6067
1547 773 3979
1548 774 214
1549 774 5676
775 1550 2596
1551 775 8668
776 1552 7831
1553 776 533
777 1554 6564
1555 777 979
1556 778 7743
1557 778 3022
1558 779 75
1559 779 9764
1560 780 6276
1561 780 6316
1562 781 4368
1563 781 9686
782 1564 1155
1565 782 5318
783 1566 7682
1567 783 5042
1568 784 6267
784 1569 9770
785 1570 5059
785 1571 9384
786 1572 8656
1573 786 376
1574 787 1624
1575 787 921
1576 788 7017
1577 788 2869
789 1578 3354
789 1579 4174
790 1580 1969
1581 790 9561
1582 791 5783
1583 791 5263
792 1584 7658
792 1585 529
1586 793 7426
793 1587 685
794 1588 4678
1589 794 4431
1590 795 6671
795 1591 2937
1592 796 8796
1593 796 3413
1594 797 4472
797 1595 1946
1596 798 7609
798 1597 8286
1598 799 8362
799 1599 3979
800 1600 1916
800 1601 6085
801 1602 568
801 1603 8938
1604 802 4409
1605 802 2811
803 1606 5752
803 1607 6395
804 1608 2631
1609 804 5349
805 1610 81
1611 805 8307
1612 806 5858
1613 806 6860
1614 807 7795
807 1615 3245
808 1616 89
1617 808 3500
809 1618 607
1619 809 7304
810 1620 9281
1621 810 4165
1622 811 4155
1623 811 9287
1624 812 1296
1625 812 7101
1626 813 4527
813 1627 4272
1628 814 7331
1629 814 9980
815 1630 3978
1631 815 9758
816 1632 521
1633 816 862
1634 817 2878
1635 817 6351
818 1636 1862
818 1637 8165
1638 819 848
819 1639 7014
820 1640 1473
1641 820 6420
821 1642 4137
1643 821 2730
822 1644 5478
1645 822 7829
1646 823 488
823 1647 2085
824 1648 4388
824 1649 4516
1650 825 9165
825 1651 6822
1652 826 6480
826 1653 1042
827 1654 4015
1655 827 6848
828 1656 7137
1657 828 1011
829 1658 8919
829 1659 9513
1660 830 6578
830 1661 8848
1662 831 115
1663 831 1739
1664 832 4003
832 1665 1830
1666 833 468
833 1667 1334
834 1668 1367
834 1669 8980
835 1670 8288
835 1671 6236
1672 836 7864
1673 836 7905
837 1674 865
837 1675 4020
838 1676 5279
838 1677 8036
839 1678 9332
1679 839 9336
840 1680 3436
840 1681 1195
841 1682 4235
1683 841 7142
1684 842 4820
842 1685 261
843 1686 283
843 1687 7267
844 1688 525
844 1689 9623
845 1690 5647
845 1691 1363
846 1692 3524
1693 846 1418
847 1694 2131
847 1695 8435
1696 848 3432
848 1697 4795
1698 849 9898
849 1699 8911
1700 850 5197
850 1701 5882
1702 851 5833
1703 851 6668
852 1704 8666
1705 852 2476
1706 853 921
853 1707 8528
854 1708 8859
1709 854 506
855 1710 6185
855 1711 1700
1712 856 6496
856 1713 3072
1714 857 3337
1715 857 8713
1716 858 6460
1717 858 638
1718 859 1680
1719 859 1344
1720 860 4822
860 1721 6570
861 1722 6327
861 1723 2672
862 1724 1659
1725 862 603
1726 863 8380
863 1727 1972
1728 864 3498
1729 864 255
865 1730 9649
865 1731 6027
1732 866 935
1733 866 5879
1734 867 4858
1735 867 7303
868 1736 5433
1737 868 4726
1738 869 9650
869 1739 62
870 1740 7900
1741 870 3574
1742 871 9286
871 1743 9499
1744 872 912
872 1745 8835
873 1746 3144
1747 873 9438
874 1748 5480
1749 874 2909
875 1750 541
1751 875 728
876 1752 7004
1753 876 9098
1754 877 6192
877 1755 7136
1756 878 6391
1757 878 1234
1758 879 4221
879 1759 3633
880 1760 5273
1761 880 9554
881 1762 1815
1763 881 473
1764 882 8086
1765 882 5129
883 1766 5891
1767 883 5211
1768 884 3333
884 1769 7326
885 1770 7706
1771 885 7742
886 1772 6002
886 1773 4728
887 1774 7723
887 1775 6668
1776 888 8716
888 1777 9716
1778 889 8407
889 1779 2533
890 1780 4040
1781 890 5891
891 1782 7283
891 1783 8985
892 1784 4893
892 1785 841
1786 893 9625
893 1787 369
894 1788 3974
1789 894 687
895 1790 5239
1791 895 2775
896 1792 6211
896 1793 7650
1794 897 2110
897 1795 9193
898 1796 7000
898 1797 7874
1798 899 308
1799 899 2154
900 1800 1148
900 1801 2100
1802 901 4899
1803 901 2609
1804 902 7611
902 1805 5072
903 1806 9737
903 1807 3528
904 1808 2789
1809 904 4404
1810 905 5798
1811 905 3134
1812 906 685
906 1813 2015
1814 907 7008
907 1815 7765
1816 908 5467
908 1817 9046
909 1818 4626
909 1819 533
1820 910 9818
1821 910 3795
911 1822 5096
1823 911 7911
912 1824 1850
1825 912 3121
913 1826 9861
1827 913 9979
914 1828 4415
1829 914 273
1830 915 8638
1831 915 7971
916 1832 1280
916 1833 8952
1834 917 7421
917 1835 9318
918 1836 6329
1837 918 2095
1838 919 7182
919 1839 6781
920 1840 6858
920 1841 2434
921 1842 2837
1843 921 4457
922 1844 342
1845 922 5633
1846 923 2902
923 1847 5099
1848 924 4853
1849 924 4578
1850 925 2811
1851 925 6011
926 1852 2946
926 1853 3469
927 1854 8306
1855 927 1170
928 1856 9645
1857 928 9230
929 1858 781
929 1859 7008
1860 930 3450
1861 930 2103
931 1862 9488
931 1863 6118
1864 932 2512
1865 932 2475
933 1866 2310
1867 933 3373
1868 934 3835
934 1869 9668
1870 935 5532
1871 935 6749
1872 936 9339
1873 936 4190
1874 937 3428
1875 937 4407
938 1876 4323
938 1877 1946
1878 939 4532
1879 939 5404
1880 940 4491
1881 940 7452
1882 941 9413
1883 941 499
1884 942 3230
942 1885 9005
1886 943 4068
1887 943 3831
944 1888 668
944 1889 9017
1890 945 9732
945 1891 839
946 1892 3609
946 1893 1218
947 1894 3386
1895 947 1972
1896 948 12
1897 948 5340
949 1898 1296
1899 949 9430
950 1900 962
950 1901 2511
1902 951 6643
1903 951 135
952 1904 1192
952 1905 9208
953 1906 7860
1907 953 3431
1908 954 4788
1909 954 9768
955 1910 618
1911 955 9479
1912 956 7741
1913 956 5764
957 1914 1583
1915 957 1310
958 1916 2462
958 1917 547
1918 959 9663
1919 959 5254
1920 960 6840
1921 960 5747
1922 961 9660
1923 961 8416
1924 962 2477
962 1925 164
1926 963 4477
1927 963 8988
964 1928 2565
964 1929 9371
965 1930 5882
965 1931 2994
966 1932 7692
1933 966 1728
1934 967 8753
1935 967 1724
1936 968 834
968 1937 641
1938 969 4500
969 1939 9433
970 1940 3050
1941 970 4301
971 1942 7961
971 1943 8972
972 1944 8812
972 1945 2298
973 1946 1785
1947 973 442
1948 974 515
1949 974 5695
1950 975 8753
975 1951 3952
976 1952 2000
976 1953 5227
1954 977 2660
977 1955 7531
978 1956 9557
978 1957 9564
979 1958 7751
979 1959 2542
1960 980 5338
1961 980 7240
1962 981 5028
981 1963 4256
982 1964 2091
1965 982 7576
1966 983 952
983 1967 987
984 1968 1992
984 1969 792
985 1970 6404
985 1971 8397
1972 986 4036
986 1973 7128
987 1974 2512
1975 987 4683
1976 988 3831
988 1977 7918
1978 989 1635
1979 989 2441
1980 990 9180
1981 990 1826
1982 991 1388
1983 991 2052
1984 992 8068
1985 992 7953
993 1986 4445
993 1987 2360
1988 994 5201
1989 994 9194
995 1990 7354
995 1991 6090
1992 996 1579
996 1993 772
1994 997 1310
997 1995 5952
998 1996 1374
1997 998 8390
1998 999 4247
999 1999 1011
2000 1000 314
