2000
27 99
56 40
39 11
55 97
74 97
38 93
89 12
15 35
37 83
91 95
6 21
100 55
93 67
4 8
43 62
10 65
80 86
16 90
57 5
71 85
95 29
53 85
31 33
89 82
56 44
7 1
22 7
70 52
1 56
85 45
77 96
75 27
58 6
75 61
27 24
23 66
8 54
66 29
86 65
72 61
42 14
99 91
88 46
78 23
7 80
61 13
80 37
3 42
26 15
40 29
52 73
96 61
30 14
54 59
17 73
39 37
16 8
63 59
55 23
89 97
60 14
35 84
20 77
93 32
31 49
12 2
62 80
8 43
100 89
29 49
19 12
78 84
91 42
47 27
64 42
80 84
58 43
87 62
92 70
19 98
53 10
28 56
78 96
65 26
5 98
6 1
75 95
56 99
74 46
44 21
70 2
53 10
12 59
11 83
77 21
90 92
0 49
40 31
46 66
10 16
18 70
37 17
80 89
57 59
26 85
97 96
0 91
83 86
95 25
84 48
31 61
18 15
83 52
78 32
3 22
32 28
75 9
90 100
33 92
32 18
29 2
38 76
27 55
96 35
31 14
25 91
54 47
49 49
11 80
21 29
59 87
26 94
59 54
94 82
50 17
59 54
16 11
90 45
24 27
60 31
56 5
17 45
73 58
37 60
58 36
95 27
20 9
74 61
39 57
58 27
45 74
84 21
72 100
25 90
95 70
12 65
11 19
21 43
5 64
6 63
62 28
28 95
59 29
99 63
4 7
66 3
49 63
65 25
48 2
76 65
14 34
46 73
91 51
1 15
26 25
66 17
57 42
30 67
99 7
31 43
39 72
48 38
96 71
46 21
88 53
94 54
62 59
92 43
11 34
57 23
25 94
90 4
42 68
69 77
26 98
93 97
49 19
41 28
75 79
80 9
31 64
94 71
86 78
83 11
83 44
3 97
8 11
55 51
23 70
91 24
28 11
38 69
34 65
15 69
36 91
34 76
24 51
81 33
67 47
31 29
38 64
21 31
68 11
90 2
62 53
14 39
7 81
83 20
18 25
45 21
44 2
15 92
10 44
7 20
73 77
21 65
36 50
66 52
72 15
7 13
23 64
26 56
22 33
35 56
63 64
39 44
9 96
41 4
67 72
17 48
43 72
61 68
96 68
26 52
85 70
77 28
98 57
72 34
37 83
91 2
7 14
66 63
56 82
88 12
96 78
44 94
77 30
74 36
34 19
83 55
47 49
5 35
11 89
44 69
73 70
42 98
86 82
31 100
68 96
70 64
49 76
84 36
73 64
93 18
33 18
63 84
73 12
43 74
16 66
71 89
63 90
48 1
100 84
28 81
29 25
69 57
89 18
66 84
91 21
93 11
82 51
85 65
74 46
7 33
99 60
39 54
47 1
70 13
42 46
13 60
40 18
24 69
26 69
68 48
1 31
1 57
22 74
86 50
96 59
73 48
39 55
60 88
21 76
63 88
88 61
19 91
2 46
3 29
42 65
14 70
26 50
75 22
6 92
65 25
40 20
38 8
41 5
73 51
38 54
39 96
92 68
42 92
34 6
53 13
20 49
64 56
98 27
39 12
47 77
85 11
39 53
44 11
89 45
26 63
12 60
80 87
44 44
65 53
53 50
32 82
57 70
38 12
8 34
44 89
69 44
9 60
98 5
71 75
59 41
42 16
15 77
91 28
73 76
8 89
36 89
59 10
86 55
90 45
65 66
96 60
90 50
28 88
8 49
40 66
98 74
20 31
18 79
49 3
74 22
53 16
20 56
45 55
88 1
21 23
63 8
84 49
96 22
100 80
65 13
29 34
41 95
7 26
11 98
0 75
90 82
13 86
55 42
1 55
56 47
38 50
71 3
67 60
77 65
51 82
3 20
97 41
64 64
56 55
40 55
16 58
48 97
8 43
80 63
24 100
77 42
83 94
13 20
15 17
92 58
80 76
93 10
73 69
65 83
65 68
54 98
23 83
95 15
91 71
63 93
18 61
74 70
41 91
18 15
28 56
36 50
63 76
87 88
41 45
78 90
55 83
59 94
33 26
16 91
18 14
73 94
17 90
93 94
50 73
28 71
26 97
41 100
84 92
57 78
83 45
74 33
76 82
20 4
80 83
34 86
40 84
24 86
23 55
74 83
93 72
76 60
46 40
62 78
56 71
88 95
21 64
49 69
89 15
75 47
100 63
6 72
8 57
60 82
7 75
22 44
87 52
32 11
93 5
48 85
58 52
66 80
18 12
34 61
81 29
93 64
10 24
60 23
54 45
69 50
10 16
53 94
10 78
47 12
97 24
71 71
42 49
82 96
95 12
54 11
64 68
70 55
12 7
12 94
10 21
53 81
41 61
90 56
76 44
95 74
1 13
39 24
24 1
37 64
62 5
57 96
97 12
49 75
48 68
20 39
75 27
62 91
36 75
91 63
44 11
99 98
32 69
99 39
53 48
97 32
22 45
16 2
97 37
45 37
13 48
61 27
62 69
58 58
44 36
68 19
23 8
96 43
72 70
76 85
40 62
24 31
72 37
97 53
19 55
16 80
92 65
52 61
94 17
76 75
96 9
42 35
69 93
79 26
28 82
19 6
59 15
99 57
63 69
57 17
7 74
37 64
14 25
1 90
94 45
26 33
78 70
82 63
71 24
47 19
92 79
86 17
72 11
57 59
29 9
9 96
54 66
28 43
59 78
30 1
67 87
18 10
2 80
83 33
22 92
12 21
52 91
84 10
93 86
83 13
20 78
86 41
11 7
36 91
100 94
6 55
75 81
79 42
53 49
76 10
67 84
87 85
81 93
73 19
21 9
31 82
51 6
15 70
54 69
10 76
50 56
80 87
16 26
19 22
37 34
70 69
92 26
0 58
21 40
93 13
22 46
1 23
8 11
92 48
15 89
91 23
79 95
81 6
50 90
55 70
32 44
58 92
8 69
27 9
83 10
20 7
67 30
21 47
4 91
60 74
23 37
42 43
40 93
18 64
12 5
44 25
28 2
67 35
57 1
57 29
45 90
55 86
26 94
52 27
76 28
29 60
49 50
33 46
40 49
39 16
44 35
74 20
40 43
18 27
1 38
93 71
16 84
33 13
9 100
37 87
62 17
64 88
58 61
48 57
85 7
26 94
76 44
21 10
55 25
43 8
50 100
40 42
58 48
29 54
72 14
98 46
37 69
32 16
61 5
13 98
48 63
44 36
44 96
32 76
82 83
22 85
75 3
51 75
70 18
96 85
72 62
95 81
48 14
71 8
19 13
18 13
89 61
79 55
19 83
59 89
89 69
17 78
66 27
62 58
10 10
9 23
5 74
23 23
53 27
10 37
38 19
21 2
33 93
55 38
76 69
6 42
25 51
14 49
89 57
40 70
63 28
55 92
56 41
48 29
22 100
60 82
61 86
69 24
65 36
44 43
22 10
87 23
9 45
91 59
32 3
26 16
80 53
68 87
70 91
37 78
24 41
53 97
31 41
36 27
5 12
32 6
27 35
80 71
74 83
48 19
29 46
61 55
38 51
51 81
84 80
72 43
23 74
16 7
86 50
44 52
89 62
97 68
39 30
13 87
90 81
39 75
33 63
57 8
75 35
100 17
69 100
36 19
12 71
58 82
10 72
73 95
64 75
50 13
67 89
27 62
12 35
82 15
15 64
60 82
61 38
76 84
56 71
73 91
53 21
64 30
35 99
2 11
2 21
74 60
50 98
24 77
7 57
75 68
53 59
44 10
71 2
63 74
12 17
84 3
76 58
15 66
85 23
99 77
48 54
99 10
38 79
47 3
86 75
11 70
16 54
40 83
73 57
26 86
53 90
27 86
93 71
59 47
84 5
47 96
25 76
79 30
68 18
14 37
94 34
19 32
77 27
25 15
35 45
8 28
37 10
66 1
18 92
35 5
38 63
16 93
14 73
6 1
67 1
0 31
78 92
38 71
53 81
35 43
95 60
49 49
17 61
74 27
2 42
8 75
12 90
34 19
67 44
9 6
12 79
83 28
69 59
71 10
88 88
34 29
28 9
53 73
52 63
88 5
54 83
94 69
8 38
18 15
60 4
81 6
41 68
41 28
79 89
29 50
52 51
62 61
69 16
30 59
30 97
0 62
19 33
71 41
41 96
11 45
94 19
67 33
55 52
25 24
62 92
63 62
83 76
97 14
18 20
90 48
48 77
5 87
88 55
58 48
94 82
50 64
26 36
35 62
29 43
31 32
71 54
14 59
76 30
53 21
4 75
15 47
35 53
1 56
90 60
10 93
8 14
93 52
0 51
92 6
16 25
27 55
10 81
95 29
21 13
14 42
80 88
91 77
82 3
12 4
78 14
62 81
32 42
92 11
24 8
76 88
75 74
68 94
58 24
62 67
9 93
68 24
56 75
89 30
12 73
9 56
64 92
27 95
90 16
68 2
22 3
100 37
9 70
40 33
72 87
0 6
11 35
56 39
23 41
37 37
55 42
64 95
28 54
59 89
8 19
46 44
41 44
18 56
3 89
71 51
67 86
15 57
13 69
41 52
31 100
12 39
61 49
19 94
32 76
88 27
9 94
6 43
100 92
73 54
57 75
6 16
84 89
22 69
26 92
25 15
67 53
1 15
11 8
65 84
9 82
82 78
73 91
92 99
84 17
24 50
3 69
93 21
44 44
42 97
17 1
30 39
29 16
12 90
62 26
5 86
90 12
90 54
0 53
0 69
8 44
72 69
70 45
79 82
72 15
94 42
5 22
90 93
33 54
35 55
8 7
2 43
57 22
41 38
55 60
90 33
98 14
8 43
42 77
39 6
15 50
73 8
40 84
27 69
15 45
95 15
3 59
78 60
95 16
57 55
89 52
62 94
47 77
93 43
85 35
86 58
62 45
13 38
21 12
96 50
85 19
53 45
91 86
97 97
55 82
27 72
3 73
4 81
34 75
77 86
66 93
8 93
42 45
30 52
51 97
91 76
75 54
40 30
63 92
53 1
72 57
33 94
48 63
38 13
36 22
38 23
45 17
92 56
81 8
16 80
25 62
24 76
31 76
93 62
60 13
30 17
38 23
37 37
5 31
52 99
24 56
45 83
41 13
75 83
48 11
46 19
27 33
55 42
85 59
56 36
100 18
84 40
82 82
38 20
19 11
42 6
29 92
47 2
97 80
70 69
52 15
43 80
91 29
10 49
62 33
71 61
15 73
69 27
33 16
60 71
10 12
13 91
47 29
74 87
13 18
35 63
26 90
100 8
96 70
78 2
31 33
68 48
35 79
0 57
61 91
74 60
63 3
21 70
46 17
36 90
41 59
86 40
61 62
86 62
57 12
90 92
73 51
36 18
61 1
53 67
32 53
63 96
48 18
33 46
76 51
81 68
6 3
52 32
14 34
67 4
5 71
95 4
36 91
82 30
58 1
0 17
12 68
4 30
75 27
33 15
41 79
32 53
56 78
67 97
74 61
87 70
53 31
54 13
39 41
63 89
95 45
90 26
6 11
10 51
11 96
93 99
19 29
12 48
10 16
22 13
4 13
13 74
11 44
20 84
85 37
35 35
60 60
56 2
17 78
30 94
16 59
68 39
79 77
7 66
98 9
68 52
75 9
21 65
74 58
72 73
28 63
32 83
6 73
20 79
3 12
82 93
42 78
4 6
78 83
98 94
92 85
66 7
78 81
40 38
5 53
33 91
54 87
22 57
30 46
78 10
92 39
74 96
85 87
51 22
12 23
88 25
1 5
28 30
88 49
47 22
93 9
0 11
13 25
14 23
21 70
9 46
94 98
97 24
91 81
38 71
47 54
30 27
39 59
79 64
38 77
58 60
85 7
3 60
30 78
38 82
3 37
84 57
17 49
78 37
40 88
75 26
62 82
46 75
22 4
1 9
85 45
97 34
5 57
54 55
94 56
5 17
60 71
98 3
69 29
22 70
29 68
95 83
15 64
94 85
33 33
80 23
11 85
97 28
42 69
54 39
79 60
76 10
68 92
81 5
97 60
64 96
79 49
94 29
82 69
66 78
40 64
15 51
58 41
13 75
28 85
34 45
57 67
77 21
92 24
92 39
0 43
36 66
9 55
68 77
3 19
81 86
64 87
67 68
45 78
81 43
31 15
56 29
97 4
73 19
59 87
89 4
67 34
32 69
5 78
13 62
93 48
6 12
10 21
37 32
9 2
29 75
69 98
66 6
11 14
66 12
62 65
33 93
80 2
48 37
72 42
45 77
43 75
20 1
98 17
1 99
66 75
98 56
2 41
44 80
51 59
36 47
66 78
59 53
32 93
48 5
74 68
90 37
48 99
6 5
69 29
37 46
89 71
89 9
88 14
40 49
78 78
89 44
71 11
87 89
90 77
91 53
10 10
65 51
41 70
61 51
80 72
37 73
33 48
71 67
39 24
19 94
25 62
35 5
23 78
22 64
29 32
12 67
87 21
71 83
11 87
27 3
14 62
82 71
10 76
81 1
94 71
37 62
8 17
97 96
63 96
93 99
66 60
75 4
55 90
85 56
30 30
17 70
34 79
36 89
16 49
74 60
3 59
17 19
98 30
89 29
32 78
19 38
17 4
90 67
99 31
12 15
38 27
49 100
38 39
99 34
56 66
4 64
2 20
47 57
92 41
4 21
52 70
14 80
80 27
91 61
10 98
72 95
88 90
52 80
95 86
96 67
19 82
31 40
24 22
9 89
11 66
21 99
60 86
93 53
21 7
36 37
14 6
75 25
2 15
47 7
40 100
99 11
96 67
38 89
9 97
51 91
81 77
50 28
71 69
82 6
79 35
35 81
51 66
42 56
31 42
81 84
84 57
35 75
69 36
88 54
19 9
74 22
74 23
84 16
62 63
82 11
57 23
18 57
85 64
58 29
48 99
46 88
55 66
52 31
23 25
23 20
88 23
96 38
8 70
6 42
88 75
69 100
33 27
98 34
83 11
62 43
84 59
7 3
47 37
51 34
68 14
95 6
73 33
24 17
85 99
71 95
6 15
61 91
50 87
79 24
16 51
9 55
50 44
20 20
84 75
82 37
39 3
6 81
33 33
94 92
71 10
67 2
81 90
6 99
35 59
89 78
35 96
2 45
75 27
5 72
52 89
62 11
86 4
55 13
34 85
41 58
6 16
75 68
6 4
84 26
15 47
96 53
48 22
100 16
7 97
94 30
16 49
15 57
38 46
74 17
75 47
3 61
100 43
47 1
74 97
13 97
12 40
42 16
58 37
75 65
70 88
24 10
45 61
66 26
84 75
21 9
1 77
36 77
84 73
80 52
29 37
79 95
34 72
56 40
55 49
62 75
51 22
85 98
53 60
51 67
91 16
3 86
51 1
94 3
5 97
41 45
0 97
76 96
100 28
11 5
36 66
95 91
56 66
33 56
93 81
24 48
86 14
95 80
22 6
47 27
36 90
90 45
17 43
45 66
67 9
38 98
75 24
66 44
68 67
76 52
73 94
85 96
77 59
62 99
92 47
68 60
63 78
65 24
16 8
56 91
23 97
29 15
64 64
85 27
86 63
40 63
40 98
91 27
41 93
41 25
39 46
30 7
51 36
88 97
8 60
10 51
37 58
43 26
71 88
3 20
33 97
38 37
88 25
13 18
25 70
60 49
36 22
37 91
82 84
70 81
69 64
38 83
32 7
64 4
26 66
3 62
3 37
59 33
55 7
27 1
31 64
37 65
58 27
79 33
3 94
35 40
47 50
72 82
61 3
79 36
38 96
99 82
2 59
100 47
76 40
21 31
2 62
63 77
57 13
4 5
37 54
14 41
11 48
45 65
41 96
90 43
18 84
75 99
17 27
52 21
27 88
31 89
4 99
61 31
61 60
92 6
25 68
3 24
10 21
4 76
19 77
45 92
82 24
31 58
94 17
19 96
94 11
18 79
93 61
93 44
62 21
51 92
83 52
93 74
93 96
59 78
98 58
19 21
81 50
58 26
14 89
35 95
36 37
79 60
29 51
44 10
12 74
63 76
93 74
97 47
1 99
16 28
15 63
21 74
55 93
70 96
6 51
49 44
76 59
34 52
76 17
49 93
55 32
11 62
7 18
78 6
68 57
45 41
28 100
41 8
7 49
32 15
48 96
57 43
14 35
53 64
22 59
10 37
39 43
93 77
93 48
10 92
86 26
26 22
44 25
50 15
18 46
63 24
16 94
36 1
23 90
75 96
24 89
65 85
1 52
65 6
51 81
5 80
25 98
44 31
12 46
54 62
28 43
43 19
17 70
89 2
42 45
86 39
53 8
90 93
60 65
30 24
44 11
81 91
20 29
41 55
51 83
97 26
11 70
22 55
22 93
20 33
70 90
28 6
61 58
40 26
61 96
60 100
58 84
6 84
79 71
63 2
34 72
45 54
92 51
84 77
31 17
93 91
53 47
5 37
69 68
50 84
60 84
31 54
92 62
48 60
72 48
81 74
74 34
61 71
52 8
39 20
100 44
17 47
72 35
45 58
70 50
50 78
85 36
21 69
26 87
62 27
17 44
100 28
41 3
27 41
41 34
44 9
64 93
85 14
70 37
99 92
9 29
35 25
87 94
20 82
99 54
73 100
55 43
97 79
73 97
65 99
24 49
26 95
32 63
66 75
65 7
56 81
18 79
52 16
91 93
37 20
86 34
42 100
97 66
5 32
91 46
32 25
13 10
59 19
38 4
12 23
82 28
51 58
8 26
12 84
39 5
23 40
64 53
25 90
35 59
19 18
28 68
9 73
58 35
31 13
12 47
70 26
47 16
80 50
91 8
66 68
85 66
91 81
92 50
100 43
64 71
78 55
88 25
15 64
51 77
89 64
83 40
5 23
69 51
38 70
61 47
12 13
67 11
64 80
97 81
67 66
13 51
46 87
43 99
59 5
80 21
24 85
79 11
69 63
55 81
35 93
68 14
3 75
29 11
27 92
19 14
36 80
74 78
80 83
47 17
64 97
91 17
0 79
65 72
57 1
65 18
42 80
1 97
1 81
8 27
10 34
38 37
82 9
69 31
6 3
11 23
1042 757 7625
757 260 7308
260 726 2359
726 1836 2688
1836 1152 9411
1152 1287 5380
1287 1522 9339
715 1522 1091
1767 715 2533
1226 1767 9577
1226 749 1979
74 749 9231
560 74 3258
560 517 8906
517 1298 4757
1196 1298 757
1196 1319 5999
1319 1856 4796
1856 1168 5961
1168 1294 8779
157 1294 3416
998 157 2581
998 1944 458
1944 1861 2393
1861 1329 7211
1329 161 3698
161 20 1475
20 122 4095
810 122 5970
810 24 1522
24 1451 2000
1451 1213 1724
1213 1019 9694
1019 344 7289
1264 344 6000
1264 1189 2376
1189 767 9663
767 1551 4126
1551 1542 4634
1645 1542 5307
799 1645 9021
799 1506 7325
1506 1484 9493
1484 1714 5732
1714 597 1906
1334 597 5942
666 1334 1022
481 666 3155
481 1373 2221
1449 1373 187
1909 1449 3173
1035 1909 1663
1055 1035 5424
1055 1805 1222
1805 1987 640
1816 1987 2609
1203 1816 1027
1217 1203 6737
1205 1217 1703
1205 1255 9703
1950 1255 9808
801 1950 3404
800 801 263
275 800 8818
275 694 661
694 1960 6187
1932 1960 9200
1932 1701 8504
1701 232 5381
232 1343 8981
1343 811 7207
593 811 3523
593 1763 934
1048 1763 6582
1359 1048 3108
1613 1359 2480
648 1613 292
648 754 9053
1963 754 9812
1963 944 8929
949 944 7805
1745 949 815
1154 1745 6824
300 1154 5052
300 1018 4387
1018 62 4274
62 310 2389
310 1576 6489
1576 576 8318
576 1710 1571
1710 112 9730
1324 112 8055
1324 1656 9687
1656 793 5330
793 1659 7389
1659 1621 7384
1621 1109 8318
1547 1109 736
1020 1547 9814
1020 866 8833
317 866 9173
856 317 5111
856 708 6962
708 1026 9163
1026 1954 2930
1954 1514 3714
1514 155 3082
488 155 1333
488 704 657
1151 704 7505
813 1151 7897
813 731 63
1607 731 1503
1982 1607 1607
1982 1974 5729
1923 1974 7664
872 1923 1105
605 872 9563
1353 605 3799
965 1353 8417
965 87 6395
87 195 8922
195 1636 8467
1636 1316 1968
1316 759 3273
401 759 1988
665 401 8337
360 665 7599
360 1854 9610
1854 636 1290
636 671 386
671 844 7506
1931 844 1727
1178 1931 1302
1178 1327 8492
1327 172 4804
172 1339 3280
584 1339 404
848 584 4981
848 1028 530
1028 307 7784
307 1848 6945
1746 1848 1196
1263 1746 8766
162 1263 8452
162 1032 1107
1032 471 625
1113 471 9069
431 1113 7224
431 1332 6833
1332 138 7656
138 240 3626
474 240 4490
1570 474 9734
685 1570 9978
685 1787 2337
1787 1849 6309
1849 563 1682
563 1516 7219
45 1516 4325
298 45 2327
403 298 4585
403 1375 1541
1375 1497 9515
1497 645 1188
645 1421 2722
880 1421 1700
880 1266 6636
337 1266 3873
337 1188 249
1188 1952 1832
127 1952 9159
946 127 8377
417 946 1102
1675 417 6478
1675 684 4253
76 684 1867
76 168 4243
168 1252 7559
568 1252 2451
568 1676 6314
1676 1709 3906
1085 1709 2055
1085 487 9267
487 1250 2684
1250 1257 4725
1257 1239 7175
1002 1239 9211
981 1002 923
981 522 4636
1230 522 8996
73 1230 508
978 73 647
978 1830 6507
1065 1830 3054
1065 181 9004
1434 181 8243
1434 1192 5385
1823 1192 8410
1823 1541 8933
460 1541 8515
460 90 466
957 90 1968
1887 957 2693
1887 186 5524
186 679 2854
679 775 6893
775 7 8732
551 7 4116
551 773 2328
1947 773 4499
1947 1341 2912
1341 1480 7254
619 1480 7760
589 619 7012
589 1985 5036
1985 446 1903
446 1835 4841
1835 695 2122
695 1425 6252
926 1425 5628
926 412 6387
412 304 5011
1050 304 1011
674 1050 5130
674 1238 1026
1238 1409 8317
1409 158 3734
1697 158 8268
1697 63 4461
1629 63 6830
1629 475 655
475 769 3560
769 955 6352
955 1713 111
1713 69 5754
69 1997 394
1997 1750 1467
1750 459 1979
1231 459 4187
1231 1538 3952
1538 281 4753
1949 281 261
1202 1949 3638
1202 626 844
1599 626 1754
1599 687 3391
687 198 853
1759 198 533
1053 1759 801
1489 1053 2196
1741 1489 6278
1741 935 5319
1094 935 4390
1094 131 224
1553 131 8779
1553 86 2718
1383 86 8493
1383 967 1570
546 967 7848
546 1102 7487
342 1102 1501
342 930 481
1883 930 1608
730 1883 2815
730 1719 5122
1108 1719 2899
1108 202 6584
761 202 6074
1690 761 9820
1690 918 7655
918 1582 7290
43 1582 3741
43 290 2830
612 290 45
612 1773 6964
862 1773 4268
789 862 2864
789 137 8441
137 1596 9183
1010 1596 2270
1008 1010 3549
1027 1008 4996
1027 23 7416
1000 23 2972
1000 722 9717
1583 722 8747
1583 1533 5906
1533 1271 1205
1271 1640 1180
956 1640 1742
1507 956 6338
1781 1507 5741
294 1781 6138
294 1122 337
1122 1653 7986
1967 1653 5401
1967 904 377
1571 904 5055
1571 1335 1503
724 1335 6500
724 1267 1642
1499 1267 690
1499 1936 5562
931 1936 9469
931 858 4256
858 320 8204
947 320 3306
707 947 2791
707 490 1682
490 1677 8561
536 1677 4409
536 934 4424
934 410 3806
147 410 667
988 147 5251
564 988 6251
564 1532 4289
1532 1309 2772
733 1309 8106
190 733 4766
190 836 6672
1346 836 304
206 1346 6117
206 29 9252
631 29 9922
874 631 5457
57 874 4060
57 1071 5124
1285 1071 9331
1285 371 7680
404 371 1517
48 404 1992
48 566 5347
824 566 4235
264 824 2906
264 1356 736
1356 555 7573
555 492 7169
622 492 7769
622 559 828
559 1966 2417
1762 1966 5463
119 1762 1763
1470 119 6229
1912 1470 2514
1912 1872 8503
1872 1162 7909
1162 565 8132
565 513 9177
1557 513 6412
1557 1776 7474
1776 1104 1193
920 1104 4472
182 920 6184
182 980 4943
1810 980 3398
970 1810 5255
970 201 8510
201 1296 8790
1296 656 1106
656 1134 7282
1134 80 1032
1132 80 8484
738 1132 9255
1664 738 7433
1664 1829 593
966 1829 6843
966 1097 1828
1097 1110 4943
1575 1110 8524
668 1575 3536
637 668 1947
1471 637 5660
348 1471 5548
1046 348 5629
55 1046 7764
214 55 395
214 1757 4186
442 1757 976
442 837 6280
837 1031 1837
1031 470 4626
1748 470 9723
1748 178 199
129 178 4932
129 618 6390
618 1072 1426
1072 842 1635
1847 842 920
1587 1847 1322
1831 1587 1984
1831 592 1618
1173 592 1445
1173 429 678
429 1821 5107
1328 1821 5840
1512 1328 5243
356 1512 7383
356 1535 4043
1561 1535 9579
909 1561 7677
1487 909 7469
1487 783 2943
1021 783 2261
1021 1219 3923
1219 1678 6063
1678 651 4008
651 1245 2725
1245 711 5624
216 711 4243
1652 216 2579
1652 1732 6438
1623 1732 573
411 1623 8759
1528 411 6947
1310 1528 9575
351 1310 4788
351 1386 1547
547 1386 8861
1379 547 3801
1771 1379 4853
1771 1988 6563
1988 1144 7067
485 1144 1317
485 1641 5421
434 1641 9642
1817 434 6010
1013 1817 1219
1490 1013 3578
1180 1490 6906
1123 1180 2028
1123 795 9972
615 795 704
1791 615 5589
1727 1791 9174
1727 1237 8105
1237 1590 2263
888 1590 7872
888 1005 8515
256 1005 6729
1415 256 4458
1415 1784 7122
1784 912 5535
1362 912 735
817 1362 73
817 756 6537
83 756 2092
1093 83 729
179 1093 7160
1003 179 8661
1555 1003 5857
1555 1992 1658
1785 1992 303
1297 1785 6059
829 1297 6614
720 829 1241
720 882 3656
863 882 6260
1086 863 9434
395 1086 177
803 395 9780
803 150 5084
1609 150 1933
1609 236 911
236 1431 9798
1431 1036 8083
352 1036 4566
352 732 8359
2000 732 422
433 2000 8223
897 433 4382
151 897 3470
540 151 9536
595 540 2120
595 1061 738
692 1061 4913
692 377 4178
227 377 6538
987 227 7253
1406 987 6989
1406 1352 1553
1352 1186 6662
1942 1186 173
1942 1262 2277
719 1262 2437
719 1968 2482
387 1968 1281
387 1138 512
1138 234 4216
1158 234 8021
1158 197 4465
516 197 2184
1452 516 3115
1452 39 5916
39 1790 1278
135 1790 2844
881 135 5425
881 690 3767
70 690 2301
70 1253 3823
1795 1253 8994
1795 572 748
572 598 5993
598 686 3030
686 92 2650
1569 92 9379
1569 1840 3774
1167 1840 6638
1593 1167 2039
107 1593 6489
1667 107 911
1211 1667 9764
1612 1211 2782
1612 831 7022
831 743 1488
144 743 1883
144 1618 2807
698 1618 422
698 588 3645
1306 588 7401
1306 1631 7084
1187 1631 8796
1187 1718 6577
1718 1743 7562
1428 1743 6462
1428 192 5322
868 192 9504
727 868 3676
659 727 592
659 1900 610
1563 1900 4718
1563 280 1681
430 280 4954
521 430 2696
21 521 8581
21 242 1873
242 183 3672
745 183 965
1400 745 2770
664 1400 1653
1928 664 7496
1928 693 502
693 1416 2392
1438 1416 2381
919 1438 5888
1282 919 8667
1282 1387 9261
1387 875 5850
875 1546 3813
1927 1546 2553
1927 1611 7128
1632 1611 9333
1254 1632 325
1284 1254 3305
1284 579 393
579 1870 246
699 1870 9086
30 699 2838
1432 30 1361
906 1432 6622
906 853 5764
1374 853 7426
1374 1456 7766
1456 1304 7198
1304 1241 8895
1241 212 7698
212 44 9296
293 44 77
134 293 1626
134 1584 9790
1114 1584 7775
1680 1114 2086
1680 1935 5238
1935 503 8002
503 1579 7410
1874 1579 9016
148 1874 8453
458 148 5839
458 246 401
1638 246 7636
1491 1638 4240
1491 296 7930
296 591 1540
591 1483 1810
835 1483 1153
835 774 2652
774 582 4154
582 319 557
207 319 1097
328 207 1617
328 84 755
84 740 6818
1458 740 9483
977 1458 9417
977 558 1014
558 257 4789
257 940 7792
1897 940 3002
533 1897 604
533 974 6876
974 173 9153
1176 173 7916
1117 1176 5219
1117 248 6450
248 1689 6336
1689 534 5868
534 455 8061
1443 455 4693
1443 1673 7215
1526 1673 1929
1058 1526 2670
1058 629 2616
629 495 9254
1338 495 1994
1474 1338 5841
1474 245 2258
245 215 402
414 215 7094
414 1342 4179
1886 1342 5197
1886 423 1761
423 1753 1194
1753 1318 7974
1318 624 7480
624 1990 1143
1990 542 935
1934 542 415
1934 820 2486
814 820 2236
952 814 9473
952 306 4121
306 1325 9581
1325 496 8044
600 496 5489
600 199 5152
1453 199 6871
1453 1429 2710
669 1429 9060
1627 669 55
1672 1627 1892
339 1672 8061
339 1107 9482
1469 1107 211
1469 42 1479
42 691 4874
1681 691 3799
1233 1681 4301
1233 316 644
599 316 2519
1493 599 4966
1493 764 1476
922 764 1720
922 1871 1189
452 1871 4721
1515 452 1384
1515 4 6513
535 4 4824
297 535 4410
297 1084 5536
1084 1492 242
1492 96 6438
827 96 4358
1663 827 3381
1141 1663 4656
1882 1141 5403
557 1882 7340
1895 557 8469
1895 1179 1864
165 1179 8200
734 165 8922
1517 734 5490
1517 229 2870
229 1272 2191
1272 1377 3584
1377 130 784
130 421 9599
1070 421 6265
1070 512 8787
512 284 3114
1920 284 9929
1099 1920 8336
1099 389 3756
389 436 5133
436 1707 6829
1707 1953 8646
402 1953 8966
402 1980 6811
1980 1984 4364
1223 1984 5452
1223 1368 1428
1368 530 2330
1999 530 551
604 1999 6523
621 604 1288
1440 621 4466
1440 1331 4950
1331 154 5791
1523 154 3613
38 1523 5219
1699 38 3554
1804 1699 7494
208 1804 414
208 1290 7308
1290 1845 4570
1214 1845 5494
1095 1214 9549
1812 1095 2997
1500 1812 3202
1500 1521 4980
1521 1460 8781
1087 1460 4855
1372 1087 2847
1372 1190 5070
1190 1160 7336
1160 409 3390
409 976 845
602 976 9778
602 1747 9850
1747 713 2622
713 849 8937
5 849 1573
1929 5 4420
703 1929 363
703 1091 7831
1199 1091 6701
1016 1199 7514
1016 1559 8143
1559 388 4157
388 354 9078
610 354 6373
1047 610 9064
141 1047 454
840 141 6129
840 1594 4881
505 1594 376
505 1862 321
494 1862 4705
494 1001 8000
1001 742 147
867 742 2127
867 355 652
355 1800 9222
1841 1800 180
1841 552 4056
552 51 784
329 51 427
1684 329 8104
1684 1876 470
1976 1876 5547
1976 791 4140
476 791 9105
476 1793 6217
1793 1234 5346
1234 1649 506
1545 1649 5589
1556 1545 5649
1647 1556 331
400 1647 6665
1200 400 6029
180 1200 2359
1301 180 4290
1301 1651 5762
50 1651 2822
1634 50 1925
1700 1634 4328
1700 1818 50
292 1818 7635
520 292 1529
520 937 2944
937 480 5945
1544 480 841
1544 1669 5366
1142 1669 4832
1142 1125 6396
1125 1225 1665
1129 1225 1827
1129 1978 5462
1978 954 6900
954 153 4746
562 153 3258
562 780 4368
780 890 524
890 1066 165
1066 819 5802
819 1281 8083
1712 1281 9350
228 1712 7575
228 427 5654
796 427 8853
263 796 3223
1720 263 3354
40 1720 1556
1858 40 4067
508 1858 6614
508 1620 7388
359 1620 2014
353 359 395
85 353 4498
85 65 1183
486 65 5988
641 486 4179
1344 641 6777
1344 1888 8375
1888 314 2760
886 314 9921
886 1884 5745
1370 1884 5503
1212 1370 817
577 1212 7168
577 159 1475
1766 159 5172
1766 1824 5912
1740 1824 2738
876 1740 235
876 413 3321
413 1806 6446
187 1806 4712
187 261 5305
261 143 5041
143 1436 5877
1661 1436 8395
913 1661 3587
913 1916 4504
1916 497 3522
205 497 7431
205 1578 9073
1578 994 43
628 994 81
628 1549 1787
658 1549 8719
658 751 6731
751 1286 641
1724 1286 1530
1724 362 271
121 362 1357
121 322 532
322 295 4701
295 1103 1860
1103 1892 8733
1892 101 6528
1786 101 351
846 1786 8024
846 313 7623
1221 313 1521
1221 802 767
1193 802 1959
1163 1193 5245
383 1163 516
210 383 3778
210 166 802
166 164 4788
164 714 734
1063 714 398
1063 1665 2237
1665 426 7478
1908 426 3027
649 1908 7024
453 649 5201
1911 453 2753
1788 1911 1871
871 1788 4039
315 871 1291
315 1082 9143
1813 1082 8816
1813 1153 1734
102 1153 9819
102 1033 7548
1246 1033 4058
243 1246 7110
243 574 4646
1915 574 7547
1915 911 6386
911 251 8610
251 1846 1268
1846 893 3954
893 1288 8484
653 1288 489
653 108 5234
864 108 689
1993 864 3997
220 1993 2976
1568 220 193
1366 1568 5535
1366 364 1025
117 364 3757
117 365 2806
365 266 3892
678 266 4614
493 678 1869
258 493 7912
258 1171 4496
884 1171 5047
884 302 4607
302 1721 7173
1481 1721 8595
1938 1481 9154
1938 89 7910
89 1537 9661
1537 938 3859
1503 938 4026
924 1503 395
924 336 5925
12 336 8986
12 908 5894
1466 908 3625
1265 1466 5078
1265 1025 6869
1025 1024 2656
1024 9 9247
125 9 443
125 16 3557
16 1744 9256
1744 545 8082
545 523 5911
523 1228 4082
1228 466 8398
984 466 7144
1946 984 2540
1666 1946 1747
1666 160 7515
1801 160 1838
1801 509 6501
509 1427 7239
1937 1427 2585
1017 1937 4563
1017 1043 7709
184 1043 9952
184 440 2214
440 450 6794
450 386 5958
1269 386 2514
418 1269 5813
418 59 2492
269 59 1139
1828 269 2008
1698 1828 9709
683 1698 1764
683 268 4174
268 1650 3760
1006 1650 744
635 1006 9074
1511 635 9891
78 1511 4138
472 78 5045
472 537 4024
1833 537 2306
1833 1705 9149
1391 1705 886
363 1391 6688
363 916 2305
1408 916 9890
1524 1408 1811
1601 1524 1492
1725 1601 6648
1393 1725 8263
1393 663 2149
489 663 8595
489 1865 3396
1865 1756 8925
1756 250 4940
995 250 1507
995 149 5717
149 97 3194
115 97 5642
54 115 9418
739 54 2111
739 203 3655
607 203 3333
607 561 4708
561 899 2428
899 892 7331
892 194 7529
194 676 80
676 1733 1192
271 1733 3567
639 271 3732
617 639 2115
617 1622 9044
1754 1622 305
1422 1754 8440
1422 1476 9363
1476 1130 4885
1130 484 9089
454 484 1196
1814 454 701
851 1814 4882
851 785 1230
785 444 6716
33 444 7776
1074 33 41
1381 1074 4842
1381 1293 7892
865 1293 6016
865 366 5098
366 1444 8121
1879 1444 3353
1879 1760 6340
1945 1760 8746
1834 1945 119
1834 1770 6960
1770 1855 6056
1855 1722 7329
1863 1722 9439
670 1863 9717
670 1323 1531
1323 66 2188
66 986 4900
986 1778 1301
1778 1868 4514
1536 1868 477
905 1536 732
94 905 3556
750 94 227
569 750 5606
569 571 960
571 1686 1288
1686 1679 5723
1679 652 9650
652 1448 3422
1971 1448 1180
1971 611 4025
762 611 8140
196 762 3415
196 1803 2479
1803 267 3441
267 860 8341
1068 860 1441
392 1068 5170
689 392 2042
689 1958 5634
646 1958 1206
1979 646 557
1979 1439 256
701 1439 7212
1794 701 8323
950 1794 395
1589 950 3538
1589 18 7727
843 18 9274
843 1038 121
1038 1040 2533
1040 838 1803
124 838 2768
124 265 6187
265 1496 4559
53 1496 7254
53 718 736
718 741 5783
741 1479 4733
1479 1360 4712
1258 1360 1270
1258 1175 4055
1312 1175 8414
1312 1004 6269
1004 1441 9509
1441 1488 2028
1737 1488 3286
654 1737 8839
1022 654 3681
438 1022 6470
438 343 1692
343 1685 5449
1143 1685 3110
603 1143 4317
1067 603 5372
1209 1067 2333
1780 1209 5839
758 1780 3499
758 464 5366
1270 464 111
1877 1270 1440
1877 1166 6175
1907 1166 1100
1567 1907 4608
1567 176 2365
176 1728 8827
499 1728 7416
1878 499 692
441 1878 5568
1922 441 1991
1922 1885 1220
1885 1957 1284
169 1957 2055
169 1921 7469
1354 1921 8400
1354 511 2156
511 406 6067
406 781 5179
781 1548 5904
1548 1059 6366
1059 951 6218
274 951 708
279 274 1307
650 279 14
152 650 102
152 1591 3742
1761 1591 1389
1761 338 3796
338 1148 7460
1148 717 9349
717 253 9893
491 253 5262
491 1011 838
969 1011 1831
969 1893 5992
1566 1893 4091
1566 1210 1857
841 1210 1430
1933 841 5773
1933 1278 3168
1278 1311 7920
1311 128 1914
128 1904 591
697 1904 3126
697 1838 4975
191 1838 9932
753 191 2286
753 241 4378
241 1398 5185
1398 870 8028
209 870 5261
1336 209 4316
1057 1336 6811
1057 1302 492
1302 1396 6054
1396 573 2001
573 1850 3910
1850 746 3490
746 13 6370
13 914 6322
914 407 5041
445 407 1882
927 445 6385
927 735 9947
735 667 4988
1903 667 5841
1014 1903 7672
1014 1642 9068
27 1642 1662
27 1201 9260
1964 1201 2990
1964 1529 8314
1913 1529 2176
1913 357 2863
357 1626 1870
226 1626 8687
1826 226 1776
133 1826 806
985 133 7528
1660 985 3430
1752 1660 2575
1752 1687 1983
1687 999 15
999 1249 9697
439 1249 9604
439 1478 9278
1478 177 7485
1106 177 467
1106 249 1574
249 1797 1832
114 1797 7531
114 1330 3782
376 1330 4054
1295 376 4185
163 1295 2185
921 163 7318
1717 921 5027
378 1717 574
378 361 1916
1891 361 7507
1891 1220 4115
1220 1905 6731
462 1905 6043
462 1799 611
1799 1498 6337
1194 1498 1302
1194 326 4929
326 1183 1726
22 1183 4425
1639 22 1370
1639 1940 2430
544 1940 7889
1715 544 334
1222 1715 373
1585 1222 1366
1585 983 3131
983 1459 9589
1819 1459 2443
1049 1819 5232
1049 171 3619
1195 171 3751
1654 1195 7889
1426 1654 5704
850 1426 3664
850 1658 1891
1658 1037 7426
397 1037 2094
1519 397 6911
1519 1218 1241
642 1218 2013
1739 642 3653
578 1739 8225
578 17 5168
539 17 4645
1473 539 2756
1473 992 3690
992 71 2018
71 826 80
826 1120 1560
26 1120 3459
26 1081 4666
1081 14 6520
14 146 8912
1401 146 2713
1401 1119 4173
1906 1119 1837
1906 606 2432
606 1889 9932
917 1889 3678
917 473 6209
47 473 847
477 47 513
477 1365 8552
6 1365 5467
6 1207 5338
1299 1207 4304
1299 1291 8488
335 1291 7461
549 335 3454
549 929 1879
929 467 4768
657 467 2526
657 1951 1425
1951 331 6421
943 331 7158
625 943 7417
625 349 2874
349 586 7567
399 586 7219
399 1617 123
1617 788 4404
788 807 415
1124 807 1700
1124 1758 9233
1495 1758 3583
1501 1495 2016
109 1501 3420
237 109 9704
237 204 2719
204 1185 5187
855 1185 6864
855 465 419
1051 465 9499
1051 1815 6589
1815 945 3865
945 482 6456
482 1164 7263
312 1164 8727
673 312 8470
936 673 2691
1527 936 5531
1527 98 1757
1126 98 8664
616 1126 866
1772 616 2930
1772 942 6447
942 787 500
854 787 311
1994 854 6988
270 1994 3107
270 538 788
972 538 7049
725 972 2484
1809 725 2737
1809 1852 5574
1573 1852 1636
1573 608 5594
67 608 757
1369 67 3787
1369 1625 8148
1625 1595 9810
1595 1998 1441
1998 483 522
543 483 4062
543 448 7203
1896 448 904
405 1896 2267
1554 405 9127
1554 728 8698
1731 728 2500
288 1731 7308
288 1388 1739
1182 1388 1204
1182 1229 2465
1229 396 1295
415 396 3863
1351 415 3943
432 1351 7968
553 432 3066
553 1869 3279
1869 771 2074
771 1232 7557
1232 1859 3494
1145 1859 7322
1688 1145 5672
1688 990 8025
953 990 4416
953 345 7777
345 623 1553
374 623 280
374 478 139
478 37 7731
37 662 5977
1030 662 2084
1030 1340 7948
1340 613 6979
613 116 6360
1881 116 8897
1881 1693 7180
449 1693 8137
1136 449 472
1624 1136 5879
82 1624 9626
82 1765 237
1588 1765 6970
1588 385 5235
1708 385 5719
1643 1708 5807
1643 1069 2161
1069 213 8102
213 1457 2504
1457 276 8818
1367 276 5956
373 1367 1781
902 373 9719
902 175 8252
1216 175 2993
1742 1216 3655
962 1742 3810
962 1137 4248
1926 1137 613
1898 1926 8314
1898 1637 5419
1073 1637 9860
1073 1711 1573
1711 790 1358
790 1615 518
1615 834 2627
834 1808 1288
1808 526 9624
325 526 1182
325 1280 8988
1995 1280 4267
1995 1009 9968
830 1009 8129
830 883 6809
219 883 5707
794 219 1524
794 1358 3071
1358 1695 3529
1695 529 3358
529 925 6515
925 1361 6687
878 1361 6879
859 878 8379
859 262 8563
1243 262 1929
381 1243 6305
688 381 2621
688 1155 1691
1140 1155 4653
239 1140 2329
350 239 3845
1919 350 3434
1919 737 1723
737 1321 7863
1044 1321 565
896 1044 8190
896 1240 457
1240 752 9149
1012 752 1621
1736 1012 8525
1736 1597 7697
1597 443 6338
443 1608 6449
1941 1608 9488
1941 590 7439
590 247 2624
247 1313 6681
1313 1602 8099
100 1602 3639
100 879 8550
879 647 8000
1603 647 7558
1603 832 3261
832 105 2726
105 332 2702
31 332 3231
1996 31 1740
1948 1996 4328
233 1948 8046
233 1111 5046
1111 32 6992
777 32 4149
975 777 8705
975 99 600
1513 99 7531
1513 435 5917
1052 435 8841
1052 1592 6820
1592 1315 212
1277 1315 7234
1628 1277 6142
959 1628 4657
959 1227 6531
1227 1410 8458
1902 1410 1468
634 1902 1078
1807 634 3030
1807 1614 769
1614 857 3
991 857 5344
991 1177 8560
254 1177 469
1170 254 9094
1170 1112 6432
1112 88 100
88 895 776
644 895 365
644 1619 8570
1827 1619 2686
1827 808 8785
1156 808 1908
1156 1775 5783
1775 1333 4491
1539 1333 8219
1539 1890 6265
1890 712 6692
1768 712 9404
1924 1768 1813
1558 1924 369
1558 398 641
398 632 9239
632 716 2256
716 457 2787
457 1875 6227
1875 230 1110
1423 230 5
1465 1423 7388
1015 1465 6690
286 1015 6758
286 507 2412
507 391 7706
391 1822 5563
1939 1822 8120
1939 705 5269
285 705 4337
285 869 1952
869 816 7620
1248 816 9059
1706 1248 4729
1394 1706 5443
1133 1394 3617
1616 1133 6989
891 1616 5997
891 1279 6814
1853 1279 7198
1853 1435 3899
1435 852 8445
852 1023 3903
1023 408 3053
887 408 2495
887 19 8270
19 1090 6660
1090 156 4451
1075 156 441
1075 939 4805
939 1475 9523
1475 1251 1241
907 1251 9249
907 1531 1423
1531 1989 2964
1572 1989 6861
1572 609 641
1477 609 7132
1477 627 1909
111 627 6226
111 958 5321
1092 958 2271
581 1092 2086
765 581 8155
982 765 4761
982 1289 2768
1977 1289 1098
1600 1977 9764
139 1600 8170
1644 139 187
1644 821 7436
960 821 8778
960 1955 2470
1128 1955 6318
1128 1424 3575
35 1424 6110
193 35 5755
193 812 2046
812 1437 1037
1437 1 3606
221 1 8860
221 283 131
283 1467 2753
1467 1683 5884
1683 3 8080
3 1197 4407
185 1197 1853
185 661 2429
661 1260 2161
778 1260 315
778 334 1149
334 1696 395
1943 1696 2142
1918 1943 594
225 1918 2882
225 997 7659
963 997 5914
963 1350 5076
1350 1454 6400
1118 1454 8280
1118 1380 2410
1380 189 6269
744 189 3328
1420 744 9278
1420 1520 6059
1520 770 4571
770 1450 670
1670 1450 8752
1959 1670 5770
700 1959 9283
700 380 780
1702 380 850
1702 1961 9274
1364 1961 7549
1135 1364 2206
1135 1390 2079
1244 1390 4769
1244 1384 3555
1384 1604 9996
504 1604 1701
1991 504 1755
1991 1811 7366
1041 1811 9203
554 1041 4532
1098 554 2566
1577 1098 5082
498 1577 7844
1789 498 2931
570 1789 6932
570 510 8629
510 217 1363
170 217 1627
170 583 3405
583 587 6883
140 587 1018
140 36 9594
36 238 3178
238 1796 4277
1796 672 2068
672 235 3073
1083 235 3098
1083 468 2253
468 1837 6514
72 1837 1174
614 72 1521
1242 614 9459
93 1242 6089
93 500 483
1764 500 3973
655 1764 6932
655 805 9345
805 702 6533
1326 702 1663
1605 1326 4782
1605 828 5608
828 289 6158
211 289 8112
211 11 661
60 11 253
60 1703 5459
1703 394 5849
760 394 6785
760 1105 9621
1105 1305 4191
1662 1305 6769
1662 515 5517
1509 515 6186
1509 798 2542
798 1371 3187
372 1371 2890
372 825 7191
825 1445 4787
1543 1445 4686
1543 1357 5770
1357 1910 782
1127 1910 8723
1127 638 1827
1844 638 4646
1844 815 3458
815 847 9207
847 463 6730
1518 463 1752
797 1518 3773
95 797 2398
915 95 6670
915 46 8209
46 1308 746
601 1308 1944
601 898 5612
367 898 8645
1774 367 8076
1774 1060 2044
766 1060 4312
428 766 986
1981 428 2886
1981 422 3971
422 1839 3432
1839 278 348
278 784 8129
784 971 1787
303 971 7367
303 1157 5948
1157 231 2921
231 833 8757
118 833 8323
1169 118 4876
1169 1034 1440
1034 1972 1255
1399 1972 2799
1088 1399 8277
1088 1314 6985
747 1314 6139
747 1447 2162
1447 49 1617
1446 49 3534
188 1446 1150
188 973 3478
145 973 4145
145 1349 4155
1349 1414 6642
1414 252 9354
903 252 1193
1630 903 2897
1630 1029 8637
318 1029 5889
318 1150 7359
736 1150 324
736 1956 2583
1956 1007 9009
1007 330 399
330 103 2525
103 1505 7376
1505 900 7844
575 900 906
786 575 1449
2 786 7928
1866 2 5418
1320 1866 4386
1320 1860 1032
1860 1363 2916
1078 1363 7893
1723 1078 9136
1723 1161 1263
91 1161 6624
91 451 8540
273 451 5438
106 273 4198
1777 106 1031
1777 1430 5177
1430 1540 2701
1540 1064 1754
1873 1064 4157
1873 531 3403
531 776 9617
437 776 2684
1292 437 4806
299 1292 2228
1417 299 112
1417 1206 6417
1404 1206 8028
347 1404 4428
347 1149 5542
948 1149 8672
948 1668 205
1224 1668 364
1224 630 8836
1413 630 4119
1382 1413 1626
1382 1820 2068
1574 1820 6572
419 1574 183
1139 419 1466
1468 1139 2486
1504 1468 9623
1769 1504 6195
1769 174 1316
56 174 521
660 56 9584
660 1792 8788
1464 1792 3897
620 1464 2934
1181 620 5910
1181 1235 3080
1235 1317 7544
1317 34 2046
34 682 8845
1962 682 718
1962 1580 6503
1580 1635 4130
1930 1635 9837
1407 1930 2028
1062 1407 1921
1062 132 5306
132 525 4802
525 748 6714
706 748 3090
706 1472 9823
1472 1419 1659
1419 1089 1428
1089 792 1101
792 370 6912
1550 370 1787
1550 287 1435
524 287 8279
524 541 33
25 541 8523
25 282 6373
806 282 25
532 806 9143
532 244 8501
244 1115 5641
1925 1115 5218
933 1925 9838
933 1442 3882
1172 1442 8515
1172 77 5171
77 1534 4883
1783 1534 4654
1783 1562 502
1562 822 6065
1975 822 3242
1975 1552 6279
291 1552 9941
291 1633 2262
1633 996 5337
996 1355 818
1355 910 1481
910 1842 6928
1842 501 1963
501 1730 3213
1880 1730 9183
1983 1880 144
1983 1077 3279
1146 1077 6766
1606 1146 9878
1734 1606 1117
1734 677 5910
964 677 1002
416 964 4469
461 416 8943
461 723 6296
723 1378 255
1378 782 2243
782 1525 4084
1101 1525 2591
1101 1247 5883
1247 61 7597
1798 61 94
1798 528 7899
528 167 7507
167 1261 5316
1261 1322 6675
1322 1159 364
1159 223 7261
223 585 5485
596 585 7899
1508 596 4603
1403 1508 5382
548 1403 5887
548 1482 1766
1482 556 4450
556 643 8188
308 643 7880
1565 308 2772
709 1565 5343
861 709 1861
369 861 824
369 502 6891
1755 502 3573
1755 1395 8614
1395 1385 9540
1385 1405 644
594 1405 7483
594 1674 4829
1674 755 9700
755 519 1502
519 1969 5979
1657 1969 2024
323 1657 3478
323 1276 681
1276 1704 3460
1704 1965 3180
1965 901 8665
901 567 7901
768 567 7145
768 358 9759
200 358 1442
218 200 2369
1986 218 9568
1564 1986 8366
136 1564 6459
1857 136 4036
379 1857 259
379 1455 4888
1455 1782 6095
1782 384 5543
1131 384 3666
1682 1131 9344
1682 368 2127
368 75 7825
321 75 2863
321 68 8223
68 1598 7025
1598 729 3018
324 729 129
1275 324 287
1275 1825 5499
1825 1560 9328
341 1560 9473
341 390 1570
390 1655 8460
305 1655 2757
305 823 320
469 823 6601
469 1691 3827
224 1691 8463
1054 224 7152
1779 1054 7134
1779 527 8678
527 1204 1751
1204 580 310
333 580 8794
1236 333 1645
120 1236 1018
120 1100 1518
1100 1843 7999
255 1843 1557
255 1116 4171
1116 1411 9655
1901 1411 4032
1901 113 6333
113 110 831
340 110 5539
340 633 4147
968 633 8748
968 1080 4176
1080 932 9736
550 932 3846
550 710 745
393 710 267
393 346 3394
346 1864 7399
1864 1348 161
1348 1273 1921
1300 1273 8078
1345 1300 6315
1345 1973 1540
1486 1973 7929
1735 1486 9265
1184 1735 3592
8 1184 1673
8 1694 9581
1274 1694 6063
1274 1347 9307
1648 1347 5206
1648 1494 9145
1494 1268 9508
1268 1389 8595
1045 1389 2840
1045 873 3519
1510 873 3870
1510 1376 8195
1376 1392 4065
1397 1392 3670
1397 123 8673
123 1337 1556
1337 104 149
142 104 2006
142 772 962
772 1147 6337
1147 382 5692
1215 382 8941
1418 1215 1676
1303 1418 6009
1303 1174 3652
1671 1174 1230
1749 1671 5487
222 1749 17
222 1462 620
1462 1899 9484
41 1899 4284
41 889 2495
1463 889 9593
311 1463 1939
327 311 6906
327 894 8928
894 1039 8356
456 1039 2928
456 1729 6356
1729 81 4131
81 1867 442
1586 1867 3764
79 1586 3256
804 79 2187
1165 804 5100
10 1165 485
10 301 1257
301 839 3697
839 979 7517
1832 979 1852
1832 1283 2078
58 1283 2208
58 506 8678
506 1485 824
1581 1485 4641
1461 1581 279
1461 420 2085
420 993 1818
993 1738 7682
1738 1076 3483
1076 961 3497
1894 961 5463
375 1894 9393
514 375 8050
1433 514 4152
1433 675 2362
675 1079 3767
1692 1079 3065
818 1692 4857
1646 818 1567
1646 1726 7806
15 1726 143
15 447 2939
1096 447 2536
1096 1208 8372
1208 1259 2744
1502 1259 60
1502 923 3500
923 809 3132
1970 809 8507
989 1970 6290
721 989 1603
1530 721 4972
518 1530 2291
681 518 7190
126 681 540
126 928 8993
928 1402 9474
1402 479 9460
1802 479 6743
779 1802 5110
779 1917 1641
1917 941 7293
1056 941 1819
1056 64 9857
424 64 850
309 424 1749
309 1191 6929
696 1191 5031
28 696 5207
1914 28 3157
1914 272 2342
1121 272 8754
763 1121 6856
425 763 8057
425 1610 13
1610 1851 7858
1198 1851 216
1198 885 8723
1307 885 2395
1307 1412 3289
1412 877 2000
52 877 1063
259 52 9370
845 259 685
845 680 1035
1256 680 2333
277 1256 791
640 277 5050
1751 640 3704
1716 1751 1698
