1500
4 64
26 97
4 91
79 16
93 55
61 38
1 56
66 22
44 36
72 88
32 10
81 64
92 73
96 35
12 71
43 15
55 70
48 44
97 79
10 62
39 6
78 13
46 81
77 70
47 24
66 52
99 48
87 3
100 50
53 4
74 23
0 37
11 54
34 70
74 85
51 88
26 15
7 37
68 98
55 5
62 80
83 19
11 100
1 59
63 22
41 74
21 3
87 98
51 82
8 12
90 77
25 23
72 64
2 31
95 18
72 38
31 26
69 53
16 42
66 50
43 37
9 81
23 46
80 45
23 95
67 65
18 79
35 6
66 3
97 46
79 71
89 25
41 84
36 83
34 5
70 43
58 83
19 90
28 13
51 75
77 100
97 53
31 94
14 93
57 21
32 58
76 39
99 35
60 15
78 64
38 74
62 7
98 15
67 60
32 12
30 94
32 75
98 33
100 19
84 45
76 10
94 8
22 94
25 78
72 15
1 12
75 53
95 100
51 95
7 75
22 39
95 20
23 2
94 47
63 2
55 5
40 30
86 95
45 58
97 49
3 84
63 8
46 66
51 17
93 17
44 20
23 45
21 85
53 30
49 10
10 75
12 25
97 81
42 83
21 42
43 45
23 90
74 22
26 57
47 2
97 14
48 34
94 32
51 95
27 83
50 23
79 26
30 5
16 94
75 61
50 73
99 16
43 72
84 61
58 21
28 8
6 22
62 57
86 22
10 36
20 17
52 52
26 94
86 22
61 42
64 16
21 68
43 53
0 7
67 82
18 76
47 34
69 80
63 22
86 24
90 72
79 91
92 24
62 72
2 95
16 97
74 24
32 95
16 61
35 7
22 79
45 92
11 56
11 30
98 55
30 2
66 13
4 71
31 96
28 8
20 25
98 71
91 97
44 78
4 50
14 52
30 71
0 90
23 30
8 82
50 79
78 36
89 45
72 55
11 14
18 66
70 54
6 76
83 68
82 56
54 18
62 61
40 38
37 82
98 57
72 53
16 75
47 61
88 67
98 48
0 92
47 66
25 40
27 95
43 4
34 27
42 33
71 56
80 89
45 27
84 13
3 27
30 25
24 98
62 56
97 54
47 70
20 79
37 83
60 81
90 30
54 37
22 77
37 27
61 95
4 43
3 88
30 92
50 100
46 91
1 99
14 16
56 14
7 67
29 25
3 91
8 65
58 55
34 12
38 3
64 89
90 64
69 16
38 71
59 68
93 32
100 96
35 48
36 54
86 72
45 60
29 82
37 93
26 33
68 10
98 80
47 93
65 79
82 76
96 25
8 58
73 69
8 59
90 64
56 82
82 27
27 88
33 17
9 22
17 14
25 53
65 94
98 65
19 96
73 92
1 87
45 29
39 70
14 9
90 85
17 80
29 15
12 87
58 31
12 25
68 92
2 71
46 12
80 21
46 10
6 65
53 87
81 66
82 54
77 13
94 31
38 30
24 10
49 15
14 87
89 33
78 45
52 36
19 43
30 3
29 35
95 10
90 29
99 15
40 62
86 52
86 94
27 8
13 34
80 43
87 94
15 10
55 42
73 30
18 63
64 53
21 5
62 52
67 55
19 86
76 22
6 80
62 69
62 48
36 32
3 84
68 60
99 45
27 3
26 87
93 52
78 2
91 9
83 57
21 39
87 15
98 78
82 67
37 54
3 16
67 36
10 61
57 61
21 53
0 100
4 10
73 94
80 15
17 19
78 43
80 62
69 32
52 65
23 61
22 83
22 39
14 94
6 14
34 13
96 14
2 24
16 88
23 73
31 79
98 95
68 70
51 40
62 99
32 69
81 48
58 93
40 2
37 78
44 24
23 31
42 69
23 93
74 16
90 44
90 14
52 52
94 4
44 57
84 3
12 60
72 2
97 92
78 88
31 43
66 81
77 4
33 85
33 1
35 2
90 100
64 64
36 56
69 63
97 37
33 25
57 99
52 71
6 91
63 9
67 34
87 27
16 56
52 94
94 69
6 66
41 5
76 74
53 93
84 43
1 3
94 44
68 66
32 9
68 35
22 1
69 79
12 42
51 47
66 84
0 100
63 41
75 55
25 43
42 36
15 78
67 52
13 32
38 57
30 90
64 77
78 65
49 94
93 21
87 73
7 12
88 24
3 2
50 54
84 4
81 76
45 54
16 49
67 22
52 59
7 29
60 35
60 96
57 83
39 36
18 1
48 89
92 15
99 69
25 69
72 79
90 95
56 30
40 27
66 40
74 41
73 19
78 97
97 50
22 33
67 3
67 32
27 92
17 6
66 43
75 45
10 26
31 23
94 15
75 25
35 81
31 63
7 31
54 25
84 12
22 22
78 19
22 74
23 92
30 81
80 99
54 26
55 25
86 14
34 92
98 50
34 58
57 37
70 81
27 14
39 93
82 8
50 23
21 3
80 53
17 12
52 93
8 24
2 18
53 70
27 21
86 13
6 53
95 91
91 97
75 95
9 2
94 76
35 99
82 31
11 35
60 55
6 26
66 59
45 43
0 83
13 78
86 27
6 73
18 45
34 52
74 5
62 5
10 26
4 12
24 6
27 95
86 21
17 9
54 14
42 68
87 35
77 48
91 76
71 18
53 66
81 29
4 16
62 68
9 45
29 33
39 79
1 80
2 8
59 98
28 51
35 19
74 53
64 62
88 48
14 89
47 15
1 57
29 67
84 14
58 10
27 50
29 39
36 2
12 98
9 94
46 92
33 18
48 56
67 93
54 30
81 9
53 32
24 42
67 40
70 32
30 46
66 59
13 46
14 2
49 28
94 44
34 34
98 84
33 81
95 27
35 52
34 98
45 17
26 38
7 81
16 1
66 35
25 37
22 92
86 11
97 21
95 36
45 12
72 94
9 52
43 30
5 8
24 5
4 49
44 73
43 7
15 97
8 9
77 3
1 8
81 61
76 87
45 42
65 60
68 55
86 12
2 78
83 63
22 5
33 66
1 21
35 6
67 25
83 58
95 22
12 64
71 73
86 88
22 7
31 52
48 35
1 27
31 89
10 21
11 70
40 58
42 4
58 70
13 83
3 52
56 37
70 94
80 34
73 41
61 90
12 29
74 31
91 43
82 97
91 53
85 32
11 66
40 50
58 91
4 65
36 53
98 36
17 7
70 56
20 14
1 28
17 3
0 65
36 65
63 13
54 1
31 84
84 18
42 1
37 32
45 27
10 39
91 51
57 79
41 47
5 95
30 35
1 90
8 27
56 17
74 58
71 11
35 18
15 66
75 47
13 62
35 52
76 43
19 27
3 58
92 44
94 59
80 70
86 74
90 61
46 39
76 31
0 64
93 80
69 41
91 83
17 49
84 84
2 84
17 51
41 91
30 10
31 36
100 38
66 10
88 78
97 63
30 76
99 44
37 84
87 32
20 22
49 33
84 95
42 36
78 59
100 67
72 6
14 40
26 89
94 55
42 46
0 68
2 18
93 6
71 69
5 83
10 51
67 58
9 22
6 89
81 96
6 74
47 51
16 4
3 14
91 37
3 65
19 23
92 24
69 76
90 71
49 86
54 34
44 67
0 92
29 56
13 17
16 72
49 61
4 52
74 53
35 56
17 28
18 52
25 38
83 44
90 51
39 89
3 19
23 45
82 29
51 1
18 90
73 21
57 44
50 87
43 91
20 8
84 22
98 63
65 84
2 43
14 100
15 60
1 59
3 77
11 86
77 76
45 96
28 56
58 41
33 7
3 86
10 100
98 63
37 16
75 99
12 73
22 39
81 18
94 89
100 48
51 42
18 52
74 58
38 43
48 83
54 58
54 81
70 38
65 64
67 90
80 62
8 38
9 78
5 4
41 90
52 89
9 73
78 55
0 80
42 56
52 66
77 5
50 25
1 64
88 27
7 91
92 97
46 78
37 95
20 78
84 80
45 91
20 48
38 27
27 7
23 100
85 79
73 36
38 16
42 59
18 23
14 69
41 41
5 100
96 94
21 20
30 65
91 85
32 66
74 65
100 66
34 23
64 5
48 91
81 93
22 38
68 45
24 33
49 9
70 85
9 69
68 29
40 25
15 72
85 51
94 21
23 93
12 36
54 24
87 29
30 9
63 55
38 83
34 42
93 25
91 49
72 18
40 59
15 14
2 92
74 91
57 98
38 68
25 25
92 9
22 96
42 59
53 64
0 24
50 78
43 62
93 12
60 24
69 48
65 38
4 17
46 3
57 86
56 88
25 44
35 94
25 90
31 87
67 58
95 45
40 39
84 67
53 62
16 8
62 89
97 77
33 90
60 62
68 27
79 88
33 82
69 78
57 32
2 45
9 1
54 89
9 78
92 68
55 90
66 9
78 26
82 89
25 61
55 9
10 86
56 85
16 35
14 50
70 25
20 66
81 89
82 56
41 3
57 2
76 25
14 35
66 27
22 80
20 44
96 74
100 43
50 5
68 62
49 32
41 31
97 57
71 90
2 46
22 38
48 88
24 99
93 18
98 7
37 29
71 92
72 87
28 70
73 54
94 1
0 35
7 24
100 6
51 43
25 16
65 63
62 50
34 80
100 55
94 39
92 65
11 29
96 72
94 86
83 84
59 86
52 72
30 37
47 14
96 89
71 21
71 77
72 65
71 72
15 1
25 83
10 91
9 14
76 12
3 36
82 21
98 22
37 9
62 22
60 56
3 73
7 41
93 97
83 79
39 14
58 41
82 47
52 91
30 77
77 51
41 80
48 7
15 85
45 49
2 51
2 88
20 40
62 21
16 63
18 58
73 88
57 22
63 63
47 58
79 48
41 65
55 2
90 94
61 23
46 81
33 12
46 11
30 77
99 64
9 99
29 10
65 4
24 48
30 83
60 98
36 64
97 91
85 34
78 40
11 15
93 31
25 16
18 36
4 2
61 38
43 85
2 50
61 79
94 59
65 74
71 97
92 97
49 87
64 32
27 91
13 15
15 46
30 29
94 51
55 73
4 68
10 16
40 10
52 100
83 16
15 29
50 15
54 23
16 84
17 3
56 98
13 9
61 70
19 65
52 25
84 48
25 45
11 77
78 98
55 93
91 78
21 24
85 27
41 17
57 31
4 8
31 58
29 90
9 44
13 29
61 5
71 60
85 53
23 40
68 99
76 48
70 65
83 23
93 49
87 97
7 78
78 27
90 78
94 54
70 35
97 8
4 47
60 5
83 68
61 61
50 80
29 95
23 94
54 73
54 13
39 45
17 100
70 96
46 14
8 28
73 3
33 16
70 19
3 54
88 99
42 84
40 81
90 100
25 4
9 80
8 92
60 50
74 34
17 67
75 63
19 50
74 9
92 79
34 70
70 80
93 13
53 5
84 91
2 99
15 35
99 98
40 73
80 67
89 47
79 11
9 35
0 54
69 67
49 14
78 91
42 24
28 75
84 75
77 73
70 30
71 19
52 36
23 20
32 26
42 99
63 25
30 84
52 17
6 28
58 89
97 19
29 32
37 8
15 63
85 7
63 3
40 17
63 22
51 41
76 21
52 10
12 53
65 10
74 79
87 29
83 28
21 33
71 84
100 96
10 25
6 46
69 28
50 16
33 8
16 57
28 22
4 65
20 63
41 56
68 23
21 76
31 70
96 61
60 2
77 55
65 5
3 25
74 55
9 37
38 25
2 68
77 63
24 75
45 71
93 46
77 63
47 64
66 45
100 7
80 36
30 62
81 62
37 52
49 33
96 87
7 62
99 48
52 16
45 13
18 52
69 44
87 21
38 22
23 67
86 88
79 48
82 84
85 82
16 19
22 85
68 42
90 95
6 19
82 27
41 13
70 64
37 99
9 50
37 100
78 37
94 95
38 64
11 53
4 99
53 59
78 69
51 34
99 52
63 48
84 6
11 37
62 17
54 30
16 46
68 84
53 11
70 68
79 12
24 66
36 66
62 19
14 43
10 96
9 13
64 48
41 3
20 77
5 12
49 9
91 1
80 14
64 60
60 24
94 30
3 6
95 27
61 88
59 72
35 15
63 46
66 69
13 4
74 83
79 64
15 13
88 82
88 97
47 82
16 90
47 21
74 93
60 9
14 69
95 24
84 79
5 2
56 17
69 62
100 37
90 15
46 1
63 59
60 65
90 19
79 74
16 88
12 68
60 94
47 74
61 3
49 1
64 90
40 36
35 36
94 46
75 19
37 73
54 34
7 46
69 76
60 60
92 12
91 6
60 48
71 95
70 12
40 24
69 38
26 49
55 56
36 15
84 89
34 45
1 16
89 29
56 69
5 9
9 37
51 39
15 60
16 69
46 65
56 48
16 90
57 56
96 84
86 39
34 21
39 10
1 84
47 65
44 74
23 65
0 47
58 64
19 70
48 43
84 4
68 42
8 13
44 73
15 57
26 46
95 67
45 35
91 52
22 66
74 82
65 10
42 61
14 67
11 70
100 77
22 14
69 97
41 29
94 89
64 11
10 89
7 95
4 5
39 2
4 72
35 7
42 42
24 1
79 39
56 75
99 40
86 47
33 65
73 40
67 75
40 86
28 50
69 96
29 11
53 92
11 52
99 47
70 36
6 25
16 21
21 19
15 83
10 58
50 67
82 39
19 11
11 94
38 8
21 47
8 57
85 76
26 70
69 87
98 80
63 62
92 23
54 20
84 30
77 73
56 42
70 74
63 21
46 14
23 32
17 76
4 59
27 15
58 48
42 66
44 3
26 79
63 48
94 51
37 22
6 86
0 98
29 41
12 46
50 63
61 92
83 35
80 46
61 4
53 8
65 78
21 84
99 42
1 92
73 39
0 73
411 801 145
1357 801 1340
1005 1357 433
1185 411 4495
801 1400 2511
801 727 9350
1390 801 7773
1305 801 8238
570 1390 103
416 727 2290
327 1005 9695
423 1390 2068
423 1452 9385
121 1390 4508
150 727 6727
411 1092 9104
1092 190 5208
822 150 1717
411 383 1212
1357 1066 1253
1366 1357 603
769 121 9745
727 42 3831
327 107 7240
121 759 3439
1390 692 9705
455 1452 1014
423 1311 4294
1278 1400 5027
121 1198 2794
393 570 2426
570 1370 6060
1418 1066 7739
1400 1279 3028
1011 416 7641
820 1279 5245
446 820 110
542 107 1931
329 542 9677
1005 635 799
946 769 1576
107 627 5626
759 832 3699
43 107 4910
769 1460 9609
1033 455 5387
1033 805 8749
285 1279 5608
121 1127 6035
152 411 784
1418 193 800
423 1497 8560
805 87 5136
1452 1113 8429
193 337 6519
329 584 8491
247 1305 6458
701 446 1612
1005 421 1742
398 337 1941
1181 1357 2801
1305 388 1704
769 762 2360
1056 193 7949
727 100 1225
411 864 8754
369 1198 6522
1460 1457 7925
801 1459 6457
337 33 5551
329 360 2013
322 42 7299
1357 686 8397
398 361 6407
759 564 48
449 42 819
1125 329 5412
42 1036 2184
416 912 9139
1400 1080 6851
1311 1441 7267
813 1357 1729
107 300 7085
42 136 7477
587 1457 2145
455 886 632
797 398 7495
43 343 4384
861 343 5001
354 727 852
307 411 5503
899 727 4383
199 87 5547
1240 1127 8292
1026 912 4183
1240 328 4561
328 1045 955
300 1367 8294
295 322 3987
190 29 8759
421 1218 3104
627 358 4800
337 205 1822
1366 339 6009
1308 584 5014
329 507 8507
878 328 4213
275 337 114
503 1185 6909
1321 1400 5283
199 1071 1802
1496 635 2431
1180 307 4679
40 820 2521
1127 1215 2402
1305 812 2420
1279 513 8606
1113 1050 1904
686 586 1992
152 869 1383
343 508 4476
832 712 6723
1258 1080 8728
1467 797 131
446 877 1569
749 1311 6670
1085 627 2757
936 564 1991
1092 506 3665
918 1036 2273
601 686 2260
749 781 4820
765 1258 2451
1004 1080 2352
1066 1317 5294
210 1467 1586
612 918 2259
596 205 3877
210 1146 8050
522 1459 6731
497 564 6129
310 899 6988
586 1359 4257
388 376 1102
356 87 5968
629 1125 9206
337 1174 2704
1379 822 1422
1225 449 5111
1045 332 4807
765 57 4393
1357 1108 5105
1225 776 8372
1466 1311 2137
1366 483 5930
686 682 1313
781 512 8324
1002 285 1798
86 339 8260
759 885 6111
587 365 2476
507 160 465
296 446 1021
1305 97 7867
376 523 6051
250 1071 7262
388 1259 2239
196 275 2300
295 61 117
1043 682 9158
584 790 7032
1280 936 990
329 911 3186
877 274 452
1011 1000 408
1457 1404 2463
601 269 9676
307 245 9754
795 1496 4789
803 587 8898
601 151 8637
1379 747 4893
87 106 9930
712 958 6477
832 1257 4863
253 1452 6388
187 759 3539
97 257 9210
491 190 4114
1005 304 7789
1054 512 8323
183 635 3017
1315 513 4122
1408 1390 6264
817 1311 2495
1066 1195 4972
495 749 3535
825 151 4971
40 279 6081
907 151 2809
570 1352 1115
169 328 9068
417 1457 5781
971 584 2364
817 1133 4574
398 437 2442
96 393 543
592 564 8035
72 247 733
586 237 2980
522 359 7379
834 1125 5648
538 1278 2543
327 305 256
1066 1300 219
1500 522 1115
427 196 207
805 531 7926
832 117 1605
446 659 3181
822 1376 3629
393 386 4066
1075 971 5891
1500 1062 6885
300 1111 1725
365 1453 6678
1000 1406 3593
523 786 5127
187 997 9223
1442 1225 7301
1031 449 6626
1347 196 8616
495 1022 773
292 781 4713
1480 601 9771
759 1089 5636
1040 1418 5944
832 763 6110
121 428 8566
1079 1379 4649
12 305 4915
885 1001 9621
1165 1127 41
692 1229 553
1043 515 8269
1300 949 914
187 639 6029
961 57 9947
717 912 7043
296 476 510
467 42 1023
337 1186 4506
570 600 709
1439 612 278
1180 856 290
570 536 5508
813 661 9253
686 818 5097
354 8 9307
117 1351 941
998 886 9979
1015 1001 6926
886 758 2836
859 295 1610
1164 1066 1619
248 369 6348
166 564 8089
300 1436 7510
351 1497 1021
638 776 3761
361 1364 9230
1384 304 1056
803 1297 2684
661 697 2956
612 1434 5959
151 131 9947
1448 762 1944
765 866 7730
1493 190 6207
857 682 5821
489 1404 4396
269 454 2588
542 349 4610
822 940 2545
501 383 7272
561 1071 5847
800 332 2
981 659 3061
800 593 9824
423 680 1299
1026 1078 3782
692 216 8637
1000 736 124
272 361 5669
959 489 8982
1496 390 5597
1470 790 3638
987 1470 2310
1408 233 1744
483 346 1075
110 1043 5455
928 1300 5777
1042 717 9206
416 823 2395
25 736 9818
869 1222 3720
700 1500 238
1385 151 2712
1450 491 542
982 803 7952
1097 1500 8753
4 1022 5202
196 159 4905
1359 950 689
914 322 6028
698 248 3043
196 410 4392
473 193 4887
1493 622 7122
1496 67 105
6 86 176
857 1182 3139
831 6 4776
1207 166 5287
331 305 2056
634 911 8971
1379 533 4024
636 57 2467
1368 1181 4893
675 1368 85
1379 1023 7055
165 1079 265
1280 492 8508
233 127 4464
1492 601 6014
982 161 1879
1441 709 1243
686 32 732
4 1237 6061
329 490 9648
1483 1436 1889
642 1182 2445
263 492 8051
375 107 8169
1164 1288 362
900 998 491
709 164 5327
869 1277 6430
862 936 9524
263 1101 2357
1262 1315 7363
1459 694 814
506 1413 6196
1330 1133 5930
364 1317 6435
425 503 2651
554 570 4561
98 253 3118
576 210 5002
561 853 7723
1122 508 5368
978 781 3547
1454 769 7798
1024 596 2634
585 861 7527
1197 233 205
467 441 3559
906 1385 4646
973 349 8274
1078 1059 1957
103 1050 2996
100 1141 2401
404 1080 2961
1022 1331 3991
1450 1306 9334
1096 161 1186
1034 612 7871
765 34 1292
1470 753 3402
967 795 2916
1259 1190 8204
538 1191 2369
1246 121 7283
1382 899 5750
218 8 1852
430 1311 7526
1404 1377 6518
869 664 570
709 892 39
1452 280 9088
1045 519 877
970 622 6022
920 949 3127
490 674 183
727 1319 293
513 69 7653
727 401 4541
206 584 2537
654 322 2128
1434 366 6679
1440 1311 3068
1222 838 3445
1436 819 6995
1166 87 4541
1157 536 7116
1149 920 688
107 719 4216
794 838 7102
1231 686 9224
1111 429 6004
1163 361 302
233 1271 165
1034 302 7889
1071 1170 7116
403 1434 8132
288 1237 1856
856 37 7497
1033 1159 473
1400 611 6402
481 1141 8034
778 1159 40
654 731 400
1253 1141 5920
10 247 8402
958 1161 2619
247 974 5562
1042 735 12
274 1188 2875
988 878 9664
946 1028 4610
549 961 89
1195 221 346
189 701 6939
235 709 3163
96 27 395
521 272 4947
1101 984 8564
1287 1225 2552
433 1493 3468
355 1467 6844
55 1408 9830
187 1272 6689
836 1195 2457
29 118 3919
1278 1037 6882
942 1166 709
340 794 9237
424 1436 1388
343 1499 2634
1429 1000 2626
825 1407 3845
77 701 2117
1366 1160 9734
1377 278 5262
696 1459 6323
341 136 3985
461 322 7443
668 1448 2706
1230 981 4348
664 58 5002
792 1024 2158
813 405 5962
358 499 3266
556 587 1631
1453 626 4814
624 1218 2695
1440 1171 6378
477 67 7187
1465 364 664
376 1282 445
1146 1270 5935
1096 557 6028
221 511 3176
1030 77 6261
418 1002 7149
1071 1389 6308
1195 1019 5407
153 118 876
395 497 6311
959 431 6827
266 1272 7615
919 694 3761
1224 193 5761
351 882 9043
577 812 2368
149 285 2731
735 1211 4663
870 661 6578
680 357 2047
533 52 2721
85 701 8772
1307 586 4356
98 397 2138
611 578 2512
571 1413 28
339 450 5671
769 552 2469
1061 97 7241
98 775 4514
343 471 2909
1050 1067 392
1331 145 1617
9 32 2386
1287 129 1118
820 1337 4670
654 50 4015
997 1260 809
124 1030 5843
25 852 9000
1015 913 3425
491 258 1448
1429 1244 5964
127 1041 9176
1270 381 39
992 190 4374
1046 1288 4186
612 1250 5878
1095 1418 1014
77 320 4362
1423 576 2534
1273 542 7263
431 238 326
1345 1434 9604
1457 325 4872
648 149 1633
750 118 8261
382 55 7893
1449 257 5681
514 1385 7600
987 138 5618
168 1400 3523
857 1083 2914
99 12 5572
749 839 6931
1224 203 1670
659 485 6658
1436 1175 3337
396 1046 5631
1191 1327 718
571 1117 7420
46 805 2349
427 545 1620
1269 383 362
17 1075 207
515 439 3206
1429 702 8467
109 561 6594
589 237 3772
244 694 6281
759 597 6399
857 1266 5230
1197 690 8427
560 359 7540
414 659 9394
1396 1271 621
504 87 6871
36 577 757
952 1364 1896
43 352 6303
697 123 6797
426 278 1520
1004 1121 5793
828 998 203
1193 206 8849
1247 263 3181
115 1279 9171
815 1041 1786
1497 594 4649
286 410 1815
1215 466 7638
852 240 538
358 917 6784
1337 1378 9295
100 76 8502
1418 573 2380
852 1010 116
1461 997 903
1229 1303 9669
560 590 183
994 570 7640
1434 1422 1512
925 492 4326
264 1230 3459
1154 388 611
1333 203 6476
803 64 4643
98 737 8142
165 1204 7055
296 1484 6004
398 116 7416
152 146 7242
262 343 5004
1362 46 3620
683 34 9350
1396 1293 3276
1240 714 1514
1386 165 9346
204 196 6433
973 228 7119
892 1445 5170
929 668 9130
892 809 5715
640 1222 319
244 1203 6062
736 436 1757
486 257 7334
92 1396 5983
1475 940 5404
1131 46 925
810 1240 653
1306 1344 3748
1499 1055 2015
331 201 7587
1406 16 3852
568 859 6087
352 843 125
1323 349 5754
641 597 9947
54 568 407
1175 766 5746
982 415 257
909 586 744
75 286 148
328 353 2668
856 529 5212
1312 624 5954
391 40 2309
1033 389 5326
953 450 5507
733 1056 8734
873 77 2899
264 465 1917
717 202 7922
348 393 1926
1127 625 3724
204 738 3766
98 1264 807
1060 561 6693
934 1259 497
398 1275 8325
565 1071 4472
309 376 348
1310 911 585
1349 1303 9503
70 792 9674
762 105 3184
418 1398 9308
1245 1001 1626
884 940 1739
638 516 25
770 1108 9272
412 1367 6880
1486 206 5545
236 61 4181
1370 1168 9775
1356 1323 8543
331 108 3992
482 40 2723
212 1396 486
871 1311 5547
720 508 5025
616 486 4169
665 1113 744
507 493 7739
23 1062 4445
852 903 6415
1071 399 802
632 10 2024
1346 1193 3902
1393 694 1537
918 460 4404
741 386 8594
1258 572 7430
1331 1487 2993
1272 442 2070
1046 137 6330
3 1439 6558
98 1128 1378
609 33 161
605 105 3384
36 883 6112
211 712 8750
1006 411 2977
72 547 775
1404 543 9214
1337 49 5345
1330 520 26
666 136 2228
176 1062 5737
1095 509 2091
359 487 144
1226 360 2131
429 510 4874
1447 1229 5522
839 1145 1421
433 347 6331
187 167 4109
1257 1105 1246
508 977 5215
1132 994 2116
1188 311 9345
1242 495 3212
1281 913 4264
565 1236 4000
763 643 3769
35 509 1980
711 1404 5964
803 1432 5103
1388 250 638
1397 8 1106
579 352 374
1474 118 7289
740 1377 9706
1185 255 3608
1031 1221 611
39 410 4137
492 443 527
529 338 6539
678 740 1189
622 891 9708
1408 298 8142
149 606 5642
766 532 2
784 1168 342
1071 1380 2880
587 319 3658
1220 164 6547
209 998 541
976 153 5937
713 381 9332
121 1373 7013
221 1082 635
827 549 9056
1214 1215 2213
1179 1497 1323
1325 1400 1488
1235 1347 6608
1009 839 7085
971 1488 6410
695 1376 2047
822 910 3466
950 7 6961
1122 1427 4219
588 702 1612
1166 453 9736
540 870 2937
1234 55 3181
656 169 7284
146 595 2364
1280 1399 915
913 771 7169
1117 1485 8886
934 662 6983
765 582 8574
1357 282 4092
581 3 1826
1096 718 1554
1172 1257 5824
1148 1393 1352
752 695 6833
1275 782 2569
1048 552 9968
559 1400 9859
1086 1240 1628
1074 117 9643
1134 404 4348
1185 957 4911
142 1230 6083
736 1073 2683
886 535 8933
333 310 8400
499 271 4232
752 964 4674
1122 1110 8846
1411 1418 7889
254 1453 1010
599 1231 7035
1200 1253 6992
1186 407 7007
90 69 1387
271 1471 1221
1113 546 5241
1333 498 2716
674 66 209
1412 557 9956
681 1492 2473
1491 1373 1134
817 185 2921
276 907 5953
1191 1189 2884
1182 619 7454
1284 1082 5287
708 1226 262
846 818 8834
954 1059 1034
1320 1175 4456
913 933 258
11 712 114
439 1098 7970
1121 935 7496
1084 405 7883
85 1343 4530
1385 1077 6078
1187 909 6188
1230 608 8583
993 1259 8585
349 999 1191
1491 983 3753
243 395 6049
100 1119 6878
893 781 330
66 739 2299
738 479 2747
730 46 8206
621 950 4504
1129 946 1584
263 1371 5606
312 740 9770
242 1113 697
1035 467 2506
456 417 8587
1409 187 2086
149 948 5620
867 1409 2368
67 78 7190
78 537 5227
377 665 9736
12 764 7629
1483 214 4742
73 77 5318
473 645 5367
215 531 752
1485 251 3407
1160 774 2806
799 712 7205
1085 574 2218
1032 1411 4823
142 943 1618
440 571 7549
1318 331 1731
62 37 7612
276 835 7313
1495 909 7773
374 404 3958
1155 118 669
10 89 1041
583 1096 2821
1248 1105 6224
980 1347 8860
749 188 4817
958 287 1500
314 446 8613
800 192 4514
193 874 9830
116 725 4698
111 708 5387
302 651 4075
1160 1104 2058
144 952 479
417 1147 3277
949 1053 5014
792 1301 3224
845 75 2811
444 611 5561
996 10 2375
1290 275 5233
872 377 5924
1376 1020 4082
1252 421 4948
790 1223 7002
1241 1128 9540
190 1255 5983
104 1240 8939
9 849 2171
459 1323 4808
334 337 3915
268 1454 635
548 165 5202
97 844 6033
449 1177 9267
819 881 5494
40 326 46
1013 1411 7575
191 1377 8426
1124 369 3478
1057 73 597
689 919 5457
229 1225 3576
371 443 1860
175 621 1391
1199 1159 9694
769 644 9911
1052 665 4914
136 496 9640
955 235 9632
415 1444 6949
348 1138 7059
140 1400 737
794 1173 9995
869 1283 8853
1279 132 1358
555 533 176
1360 349 586
184 127 8398
1358 407 863
180 426 8940
1498 245 523
1260 620 1642
1324 595 9141
593 791 4689
858 1422 7198
721 258 3928
1256 741 5973
1297 462 9810
394 1186 410
1495 468 9978
432 228 8837
1378 779 8018
1254 643 6744
392 292 9784
1270 120 4034
302 524 3370
559 630 4661
400 476 9659
318 588 9131
240 1314 2294
690 1169 4309
23 575 1859
384 952 2275
651 1372 3560
301 1033 795
751 1311 8290
641 963 67
1038 1010 196
393 1228 497
1403 632 7246
400 1416 5062
1099 327 8722
991 146 3158
1350 327 1923
769 135 9068
1376 617 5423
1410 1262 219
1335 394 5343
1368 1428 6071
119 196 6540
424 860 9573
956 812 7684
708 1473 2033
1062 615 9341
836 1425 9327
324 1273 4938
785 747 3236
1237 1152 59
937 1011 1813
808 977 1034
427 1363 5968
131 633 2531
409 275 3402
1015 965 851
1100 1367 296
888 859 7093
387 953 8850
1107 326 9465
279 1299 1781
413 853 5270
39 1091 2697
667 1006 7185
780 719 7906
141 946 6239
1371 102 4570
1178 436 6999
1240 65 6911
1091 308 4171
73 789 9848
759 1112 2264
966 446 718
245 15 1820
611 880 5481
838 756 9576
196 79 9193
1233 609 5431
111 1206 2054
740 470 4654
1066 241 1258
13 183 4371
837 268 8429
1113 1478 8930
265 248 113
963 270 8078
1304 1195 8159
148 1066 8102
261 998 1473
234 127 1113
554 370 5538
1231 260 8602
458 1337 2515
332 283 4455
222 977 2528
796 1327 3718
1040 598 3842
1437 295 5361
956 445 2998
97 960 1653
291 948 8318
613 823 4085
550 1005 9990
452 328 1524
252 984 1225
1348 884 851
600 768 6005
962 141 71
977 178 4525
804 683 3534
1272 1326 5694
624 710 2628
941 925 740
875 85 8369
359 147 8173
174 683 6326
1274 37 2638
1320 2 280
786 30 7909
850 589 1403
916 1256 9775
121 502 6242
809 128 8618
877 1469 1078
1087 599 1902
988 602 422
1137 1278 7880
1016 1274 4270
663 850 935
1481 152 3579
210 1342 7530
1413 1012 2589
650 1280 7017
1248 1232 7470
1302 202 3700
958 438 7410
89 1227 9753
1495 830 7983
1219 405 1562
732 454 7200
367 717 8621
1332 1378 52
478 1280 9094
70 1419 8940
867 1008 7938
539 730 4965
465 162 3861
182 1173 883
1074 1426 999
1360 534 1327
1483 802 8363
490 1158 4930
951 662 1088
62 968 5026
517 1304 9467
1321 294 348
125 174 4260
53 407 2227
1213 1218 1328
1255 707 4343
972 1493 6399
1494 1357 1994
1209 1009 6407
609 1143 127
1201 585 8657
1317 1135 7476
1279 676 9346
434 1315 3986
948 580 7612
117 989 2882
761 248 1718
177 322 8146
181 799 1226
1166 1313 9465
367 158 254
123 930 55
528 1186 8261
672 1008 3456
1405 837 6390
503 88 5578
1058 928 733
709 114 5333
960 18 8849
806 1095 2011
1011 607 2150
117 1462 5320
367 1341 1379
368 877 1788
1464 1001 1991
525 578 8078
534 1176 9064
704 1250 8595
451 978 1068
518 584 8096
1007 229 1483
16 833 8204
1036 45 9733
536 1392 8105
528 938 9984
1024 259 5541
1054 83 6964
1205 1427 9899
705 1464 5195
1114 781 8176
433 1093 7395
962 200 5403
623 1058 6326
1032 207 8820
48 204 7964
1194 1231 6753
938 1156 8575
891 321 8076
166 947 9295
603 727 25
1216 1428 7847
900 378 4055
1450 904 6080
1443 1031 9668
460 1338 196
1151 1157 6086
1150 771 1110
652 506 7032
1349 170 8128
1009 315 2529
1276 64 2157
1458 174 2987
991 1298 8232
35 887 2675
1064 948 3125
77 1090 8044
22 838 6750
716 465 1673
336 1100 9121
512 217 1467
1051 799 1560
363 275 4471
24 445 9640
927 244 5116
1488 68 7007
1051 1162 8931
1449 673 2455
1018 963 6920
845 81 8544
181 553 1352
133 442 7757
194 300 1211
51 1186 4686
1490 1321 1620
1062 1202 4078
284 453 5927
345 269 9214
1029 200 1387
1476 413 2321
403 1316 4528
112 222 4713
895 218 6338
1383 366 7730
794 1472 4158
63 705 1278
417 82 1940
630 618 5329
1235 777 4062
1091 505 7165
513 1065 5600
1063 862 9009
1353 517 1937
894 1392 6765
1002 1394 2297
1309 187 8554
1161 562 9467
813 1339 2215
559 1433 469
591 263 5223
1025 912 4101
530 203 1881
31 955 3070
896 789 808
265 657 2156
656 915 7845
820 669 1652
350 1445 4801
295 863 9408
1266 1094 9807
1387 82 8378
1003 1310 6105
56 416 9622
100 171 1394
876 218 2756
1492 1381 5004
779 154 2710
1068 489 555
49 1401 9087
879 1377 1994
715 1250 2077
1253 783 7900
370 1130 5225
323 120 5174
776 179 6509
1129 628 379
1388 41 1605
1418 1184 5575
440 898 8472
1142 1237 1649
640 5 2664
11 313 7210
1391 1100 3129
1137 220 9483
93 519 8975
1123 1127 9519
157 712 1435
1414 140 6652
1438 483 1943
923 580 2216
464 869 5199
1279 684 9737
134 1478 9667
798 727 397
1028 422 7754
1474 267 8827
723 1472 3673
1126 601 4810
905 215 3365
867 841 6225
56 1374 821
567 864 6847
1425 143 6091
330 996 3708
985 1488 6533
1153 1352 2543
1421 228 1231
840 815 8353
947 435 4891
1206 1239 9601
767 1066 228
368 829 2458
249 543 5598
1328 1007 9138
846 230 4146
335 1078 8629
1286 1405 8426
1116 174 5810
469 949 1240
1102 1100 9587
383 760 6667
584 889 6675
474 8 8612
604 981 3147
685 1418 4246
305 931 6749
1027 1002 7981
448 1063 9589
224 910 2896
1024 773 1596
804 677 2762
1461 742 991
1456 1317 7461
442 726 5536
1354 589 4792
3 47 1259
173 664 9122
1192 49 2428
473 1415 9607
1164 1212 255
273 1270 2108
1226 94 9303
786 527 285
1245 1285 2643
1395 298 2967
185 855 9183
932 300 9218
1488 130 8519
213 1058 5471
772 570 753
881 1217 8451
120 1468 3211
443 1088 3618
691 971 450
498 1340 7504
223 1232 5029
28 418 4724
1100 297 4793
1263 355 5742
180 60 4334
728 1235 2314
755 642 8962
1304 84 2853
713 38 3941
670 973 175
232 947 1789
414 969 4946
1412 1014 8075
342 105 1746
1045 226 4221
1292 273 4918
944 630 2037
1451 454 8518
563 1493 810
793 1143 1205
172 512 1053
746 650 7617
854 772 3599
823 14 1257
579 1167 3665
472 1403 6702
705 939 1804
745 211 5260
433 20 6003
576 95 2507
1214 901 8357
74 983 4418
1482 1010 2295
541 617 1787
289 69 6082
1159 1365 93
693 459 8408
1314 1322 197
21 1067 1357
385 1137 278
826 1009 6084
631 1299 4820
658 1155 4023
259 1 9707
1000 1072 8059
1383 419 9541
80 843 2003
1477 1330 5131
1109 478 3268
793 995 8539
122 913 1097
1404 463 8540
113 1396 8455
379 102 3246
1328 317 7796
646 783 9557
673 1294 3268
485 945 6168
724 233 7268
1289 230 5780
681 1417 59
684 402 1127
454 1375 2669
354 420 7210
372 420 7170
550 1369 3582
1398 754 246
344 41 9242
140 1049 5235
19 481 5667
219 1075 6844
1488 59 9758
921 1168 6506
157 1039 2562
96 447 5965
273 71 5842
373 332 1499
2 526 2953
706 1472 701
352 743 1830
139 1461 2666
647 1176 202
51 1489 755
235 1021 384
787 349 6466
475 606 5469
247 494 8029
649 223 9800
1243 623 1839
1249 211 459
1446 1061 4600
387 239 4970
566 822 1091
1475 155 884
1488 924 6505
1402 916 8424
842 1198 9333
1446 1196 3562
928 1044 1608
1431 449 9478
888 897 1853
1163 851 2531
1435 693 5407
1139 247 2396
463 1208 3449
254 744 3723
1156 1120 495
605 1355 2039
1162 91 6764
1497 814 9888
63 225 6091
569 1360 216
1210 1041 4265
186 599 692
1238 1367 1227
210 156 6755
865 88 316
610 518 5214
703 37 6938
1078 986 8513
1329 1234 5810
510 1070 857
500 765 9336
657 406 4175
1103 778 8428
1420 762 5108
671 105 1065
457 414 1453
734 1216 1008
1115 137 1568
1336 1216 2565
1080 655 9007
1032 1183 4456
679 412 2678
303 202 5110
912 126 5680
1296 657 8769
1268 1307 7774
890 911 6877
1155 1118 5066
198 623 6908
742 558 3561
506 1261 5869
44 1320 1871
246 1277 2321
663 208 8040
860 748 1406
891 380 8516
816 657 1623
1047 130 5330
55 926 3547
653 1388 4144
464 306 2461
1463 1239 2258
357 1424 1701
1140 764 1121
167 484 7781
699 92 5206
764 1430 2238
1144 1129 535
1017 1223 1875
960 1081 6593
1203 990 1902
1483 277 4120
744 868 2851
847 437 4378
1105 788 3170
579 299 714
1006 848 7936
1334 339 2268
1167 722 5224
1295 956 5308
408 287 3069
1310 195 1876
729 371 5812
418 281 9229
353 1265 8096
429 811 3894
496 488 2734
838 316 2915
1361 926 1154
1267 239 2279
807 617 497
551 83 454
875 821 8225
687 255 7636
293 554 7230
734 1076 4386
975 270 4014
101 402 4506
138 902 9527
1136 51 9065
544 1188 1391
277 362 1244
288 908 9252
304 614 3022
809 1455 3230
1479 646 2289
922 1253 7650
686 227 4987
231 320 2808
1106 386 1139
566 256 7567
218 1251 7836
1401 660 8303
757 1426 5281
1494 290 6383
1403 637 6641
197 1233 3080
1117 480 1822
809 26 1338
163 256 3584
1069 1451 526
950 688 3375
936 979 9579
66 824 8657
1352 1291 3149
