2000
1 100
1 99
1 98
1 97
1 96
1 95
1 94
1 93
1 92
1 91
1 90
1 89
1 88
1 87
1 86
1 85
1 84
1 83
1 82
1 81
1 80
1 79
1 78
1 77
1 76
1 75
1 74
1 73
1 72
1 71
1 70
1 69
1 68
1 67
1 66
1 65
1 64
1 63
1 62
1 61
1 60
1 59
1 58
1 57
1 56
1 55
1 54
1 53
1 52
1 51
1 50
1 49
1 48
1 47
1 46
1 45
1 44
1 43
1 42
1 41
1 40
1 39
1 38
1 37
1 36
1 35
1 34
1 33
1 32
1 31
1 30
1 29
1 28
1 27
1 26
1 25
1 24
1 23
1 22
1 21
1 20
1 19
1 18
1 17
1 16
1 15
1 14
1 13
1 12
1 11
1 10
1 9
1 8
1 7
1 6
1 5
1 4
1 3
1 2
1 1
100 1
100 1
100 1
100 1
100 1
100 1
100 1
100 1
100 1
100 1
100 1
100 1
100 1
100 1
100 1
100 1
100 1
100 1
100 1
100 1
100 1
100 1
100 1
100 1
100 1
100 1
100 1
100 1
100 1
100 1
100 1
100 1
100 1
100 1
100 1
100 1
100 1
100 1
100 1
100 1
100 1
100 1
100 1
100 1
100 1
100 1
100 1
100 1
100 1
100 1
100 1
100 1
100 1
100 1
100 1
100 1
100 1
100 1
100 1
100 1
100 1
100 1
100 1
100 1
100 1
100 1
100 1
100 1
100 1
100 1
100 1
100 1
100 1
100 1
100 1
100 1
100 1
100 1
100 1
100 1
100 1
100 1
100 1
100 1
100 1
100 1
100 1
100 1
100 1
100 1
100 1
100 1
100 1
100 1
100 1
100 1
100 1
100 1
100 1
100 1
100 1
100 1
100 1
100 1
100 1
100 1
100 1
100 1
100 1
100 1
100 1
100 1
100 1
100 1
100 1
100 1
100 1
100 1
100 1
100 1
100 1
100 1
100 1
100 1
100 1
100 1
100 1
100 1
100 1
100 1
100 1
100 1
100 1
100 1
100 1
100 1
100 1
100 1
100 1
100 1
100 1
100 1
100 1
100 1
100 1
100 1
100 1
100 1
100 1
100 1
100 1
100 1
100 1
100 1
100 1
100 1
100 1
100 1
100 1
100 1
100 1
100 1
100 1
100 1
100 1
100 1
100 1
100 1
100 1
100 1
100 1
100 1
100 1
100 1
100 1
100 1
100 1
100 1
100 1
100 1
100 1
100 1
100 1
100 1
100 1
100 1
100 1
100 1
100 1
100 1
100 1
100 1
100 1
100 1
100 1
100 1
100 1
100 1
100 1
100 1
100 1
100 1
100 1
100 1
100 1
100 1
100 1
100 1
100 1
100 1
100 1
100 1
100 1
100 1
100 1
100 1
100 1
100 1
100 1
100 1
100 1
100 1
100 1
100 1
100 1
100 1
100 1
100 1
100 1
100 1
100 1
100 1
100 1
100 1
100 1
100 1
100 1
100 1
100 1
100 1
100 1
100 1
100 1
100 1
100 1
100 1
100 1
100 1
100 1
100 1
100 1
100 1
100 1
100 1
100 1
100 1
100 1
100 1
100 1
100 1
100 1
100 1
100 1
100 1
100 1
100 1
100 1
100 1
100 1
100 1
100 1
100 1
100 1
100 1
100 1
100 1
100 1
100 1
100 1
100 1
100 1
100 1
100 1
100 1
100 1
100 1
100 1
100 1
100 1
100 1
100 1
100 1
100 1
100 1
100 1
100 1
100 1
100 1
100 1
100 1
100 1
100 1
100 1
100 1
100 1
100 1
100 1
100 1
100 1
100 1
100 1
100 1
100 1
100 1
100 1
100 1
100 1
100 1
100 1
100 1
100 1
100 1
100 1
100 1
100 1
100 1
100 1
100 1
100 1
100 1
100 1
100 1
100 1
100 1
100 1
100 1
100 1
100 1
100 1
100 1
100 1
100 1
100 1
100 1
100 1
100 1
100 1
100 1
100 1
100 1
100 1
100 1
100 1
100 1
100 1
100 1
100 1
100 1
100 1
100 1
100 1
100 1
100 1
100 1
100 1
100 1
100 1
100 1
100 1
100 1
100 1
100 1
100 1
100 1
100 1
100 1
100 1
100 1
100 1
100 1
100 1
100 1
100 1
100 1
100 1
100 1
100 1
100 1
100 1
100 1
100 1
100 1
100 1
100 1
100 1
100 1
100 1
100 1
100 1
100 1
100 1
100 1
100 1
100 1
100 1
100 1
100 1
100 1
100 1
100 1
100 1
100 1
100 1
100 1
100 1
100 1
100 1
100 1
100 1
100 1
100 1
100 1
100 1
100 1
100 1
100 1
100 1
100 1
100 1
100 1
100 1
100 1
100 1
100 1
100 1
100 1
100 1
100 1
100 1
100 1
100 1
100 1
100 1
100 1
100 1
100 1
100 1
100 1
100 1
100 1
100 1
100 1
100 1
100 1
100 1
100 1
100 1
100 1
100 1
100 1
100 1
100 1
100 1
100 1
100 1
100 1
100 1
100 1
100 1
100 1
100 1
100 1
100 1
100 1
100 1
100 1
100 1
100 1
100 1
100 1
100 1
100 1
100 1
100 1
100 1
100 1
100 1
100 1
100 1
100 1
100 1
100 1
100 1
100 1
100 1
100 1
100 1
100 1
100 1
100 1
100 1
100 1
100 1
100 1
100 1
100 1
100 1
100 1
100 1
100 1
100 1
100 1
100 1
100 1
100 1
100 1
100 1
100 1
100 1
100 1
100 1
100 1
100 1
100 1
100 1
100 1
100 1
100 1
100 1
100 1
100 1
100 1
100 1
100 1
100 1
100 1
100 1
100 1
100 1
100 1
100 1
100 1
100 1
100 1
100 1
100 1
100 1
100 1
100 1
100 1
100 1
100 1
100 1
100 1
100 1
100 1
100 1
100 1
100 1
100 1
100 1
100 1
100 1
100 1
100 1
100 1
100 1
100 1
100 1
100 1
100 1
100 1
100 1
100 1
100 1
100 1
100 1
100 1
100 1
100 1
100 1
100 1
100 1
100 1
100 1
100 1
100 1
100 1
100 1
100 1
100 1
100 1
100 1
100 1
100 1
100 1
100 1
100 1
100 1
100 1
100 1
100 1
100 1
100 1
100 1
100 1
100 1
100 1
100 1
100 1
100 1
100 1
100 1
100 1
100 1
100 1
100 1
100 1
100 1
100 1
100 1
100 1
100 1
100 1
100 1
100 1
100 1
100 1
100 1
100 1
100 1
100 1
100 1
100 1
100 1
100 1
100 1
100 1
100 1
100 1
100 1
100 1
100 1
100 1
100 1
100 1
100 1
100 1
100 1
100 1
100 1
100 1
100 1
100 1
100 1
100 1
100 1
100 1
100 1
100 1
100 1
100 1
100 1
100 1
100 1
100 1
100 1
100 1
100 1
100 1
100 1
100 1
100 1
100 1
100 1
100 1
100 1
100 1
100 1
100 1
100 1
100 1
100 1
100 1
100 1
100 1
100 1
100 1
100 1
100 1
100 1
100 1
100 1
100 1
100 1
100 1
100 1
100 1
100 1
100 1
100 1
100 1
100 1
100 1
100 1
100 1
100 1
100 1
100 1
100 1
100 1
100 1
100 1
100 1
100 1
100 1
100 1
100 1
100 1
100 1
100 1
100 1
100 1
100 1
100 1
100 1
100 1
100 1
100 1
100 1
100 1
100 1
100 1
100 1
100 1
100 1
100 1
100 1
100 1
100 1
100 1
100 1
100 1
100 1
100 1
100 1
100 1
100 1
100 1
100 1
100 1
100 1
100 1
100 1
100 1
100 1
100 1
100 1
100 1
100 1
100 1
100 1
100 1
100 1
100 1
100 1
100 1
100 1
100 1
100 1
100 1
100 1
100 1
100 1
100 1
100 1
100 1
100 1
100 1
100 1
100 1
100 1
100 1
100 1
100 1
100 1
100 1
100 1
100 1
100 1
100 1
100 1
100 1
100 1
100 1
100 1
100 1
100 1
100 1
100 1
100 1
100 1
100 1
100 1
100 1
100 1
100 1
100 1
100 1
100 1
100 1
100 1
100 1
100 1
100 1
100 1
100 1
100 1
100 1
100 1
100 1
100 1
100 1
100 1
100 1
100 1
100 1
100 1
100 1
100 1
100 1
100 1
100 1
100 1
100 1
100 1
100 1
100 1
100 1
100 1
100 1
100 1
100 1
100 1
100 1
100 1
100 1
100 1
100 1
100 1
100 1
100 1
100 1
100 1
100 1
100 1
100 1
100 1
100 1
100 1
100 1
100 1
100 1
100 1
100 1
100 1
100 1
100 1
100 1
100 1
100 1
100 1
100 1
100 1
100 1
100 1
100 1
100 1
100 1
100 1
100 1
100 1
100 1
100 1
100 1
100 1
100 1
100 1
100 1
100 1
100 1
100 1
100 1
100 1
100 1
100 1
100 1
100 1
100 1
100 1
100 1
100 1
100 1
100 1
100 1
100 1
100 1
100 1
100 1
100 1
100 1
100 1
100 1
100 1
100 1
100 1
100 1
100 1
100 1
100 1
100 1
100 1
100 1
100 1
100 1
100 1
100 1
100 1
100 1
100 1
100 1
100 1
100 1
100 1
100 1
100 1
100 1
100 1
100 1
100 1
100 1
100 1
100 1
100 1
100 1
100 1
100 1
100 1
100 1
100 1
100 1
100 1
100 1
100 1
100 1
100 1
100 1
100 1
100 1
100 1
100 1
100 1
100 1
100 1
100 1
100 1
100 1
100 1
100 1
100 1
100 1
100 1
100 1
100 1
100 1
100 1
100 1
100 1
100 1
100 1
100 1
100 1
100 1
100 1
100 1
100 1
100 1
100 1
100 1
100 1
100 1
100 1
100 1
100 1
100 1
100 1
100 1
100 1
100 1
100 1
100 1
100 1
100 1
100 1
100 1
100 1
100 1
100 1
100 1
100 1
100 1
100 1
100 1
100 1
100 1
100 1
100 1
100 1
100 1
100 1
100 1
100 1
100 1
100 1
100 1
100 1
100 1
100 1
100 1
100 1
100 1
100 1
100 1
100 1
100 1
100 1
100 1
100 1
100 1
100 1
100 1
100 1
100 1
100 1
100 1
100 1
100 1
100 1
100 1
100 1
100 1
100 1
100 1
100 1
100 1
100 1
100 1
100 1
100 1
100 1
100 1
100 1
100 1
100 1
100 1
100 1
100 1
100 1
100 1
100 1
100 1
100 1
100 1
100 1
100 1
100 1
100 1
100 1
100 1
100 1
100 1
100 1
100 1
100 1
100 1
100 1
100 1
100 1
100 1
100 1
100 1
100 1
100 1
100 1
100 1
100 1
100 1
100 1
100 1
100 1
100 1
100 1
100 1
100 1
100 1
100 1
100 1
100 1
100 1
100 1
100 1
100 1
100 1
100 1
100 1
100 1
100 1
100 1
100 1
100 1
100 1
100 1
100 1
100 1
100 1
100 1
100 1
100 1
100 1
100 1
100 1
100 1
100 1
100 1
100 1
100 1
100 1
100 1
100 1
100 1
100 1
100 1
100 1
100 1
100 1
100 1
100 1
100 1
100 1
100 1
100 1
100 1
100 1
100 1
100 1
100 1
100 1
100 1
100 1
100 1
100 1
100 1
100 1
100 1
100 1
100 1
100 1
100 1
100 1
100 1
100 1
100 1
100 1
100 1
100 1
100 1
100 1
100 1
100 1
100 1
100 1
100 1
100 1
100 1
100 1
100 1
100 1
100 1
100 1
100 1
100 1
100 1
100 1
100 1
100 1
100 1
100 1
100 1
100 1
100 1
100 1
100 1
100 1
100 1
100 1
100 1
100 1
100 1
100 1
100 1
100 1
100 1
100 1
100 1
100 1
100 1
100 1
100 1
100 1
100 1
100 1
100 1
100 1
100 1
100 1
100 1
100 1
100 1
100 1
100 1
100 1
100 1
100 1
100 1
100 1
100 1
100 1
100 1
100 1
100 1
100 1
100 1
100 1
100 1
100 1
100 1
100 1
100 1
100 1
100 1
100 1
100 1
100 1
100 1
100 1
100 1
100 1
100 1
100 1
100 1
100 1
100 1
100 1
100 1
100 1
100 1
100 1
100 1
100 1
100 1
100 1
100 1
100 1
100 1
100 1
100 1
100 1
100 1
100 1
100 1
100 1
100 1
100 1
100 1
100 1
100 1
100 1
100 1
100 1
100 1
100 1
100 1
100 1
100 1
100 1
100 1
100 1
100 1
100 1
100 1
100 1
100 1
100 1
100 1
100 1
100 1
100 1
100 1
100 1
100 1
100 1
100 1
100 1
100 1
100 1
100 1
100 1
100 1
100 1
100 1
100 1
100 1
100 1
100 1
100 1
100 1
100 1
100 1
100 1
100 1
100 1
100 1
100 1
100 1
100 1
100 1
100 1
100 1
100 1
100 1
100 1
100 1
100 1
100 1
100 1
100 1
100 1
100 1
100 1
100 1
100 1
100 1
100 1
100 1
100 1
100 1
100 1
100 1
100 1
100 1
100 1
100 1
100 1
100 1
100 1
100 1
100 1
100 1
100 1
100 1
100 1
100 1
100 1
100 1
100 1
100 1
100 1
100 1
100 1
100 1
100 1
100 1
100 1
100 1
100 1
100 1
100 1
100 1
100 1
100 1
100 1
100 1
100 1
100 1
100 1
100 1
100 1
100 1
100 1
100 1
100 1
100 1
100 1
100 1
100 1
100 1
100 1
100 1
100 1
100 1
100 1
100 1
100 1
100 1
100 1
100 1
100 1
100 1
100 1
100 1
100 1
100 1
100 1
100 1
100 1
100 1
100 1
100 1
100 1
100 1
100 1
100 1
100 1
100 1
100 1
100 1
100 1
100 1
100 1
100 1
100 1
100 1
100 1
100 1
100 1
100 1
100 1
100 1
100 1
100 1
100 1
100 1
100 1
100 1
100 1
100 1
100 1
100 1
100 1
100 1
100 1
100 1
100 1
100 1
100 1
100 1
100 1
100 1
100 1
100 1
100 1
100 1
100 1
100 1
100 1
100 1
100 1
100 1
100 1
100 1
100 1
100 1
100 1
100 1
100 1
100 1
100 1
100 1
100 1
100 1
100 1
100 1
100 1
100 1
100 1
100 1
100 1
100 1
100 1
100 1
100 1
100 1
100 1
100 1
100 1
100 1
100 1
100 1
100 1
100 1
100 1
100 1
100 1
100 1
100 1
100 1
100 1
100 1
100 1
100 1
100 1
100 1
100 1
100 1
100 1
100 1
100 1
100 1
100 1
100 1
100 1
100 1
100 1
100 1
100 1
100 1
100 1
100 1
100 1
100 1
100 1
100 1
100 1
100 1
100 1
100 1
100 1
100 1
100 1
100 1
100 1
100 1
100 1
100 1
100 1
100 1
100 1
100 1
100 1
100 1
100 1
100 1
100 1
100 1
100 1
100 1
100 1
100 1
100 1
100 1
100 1
100 1
100 1
100 1
100 1
100 1
100 1
100 1
100 1
100 1
100 1
100 1
100 1
100 1
100 1
100 1
100 1
100 1
100 1
100 1
100 1
100 1
100 1
100 1
100 1
100 1
100 1
100 1
100 1
100 1
100 1
100 1
100 1
100 1
100 1
100 1
100 1
100 1
100 1
100 1
100 1
100 1
100 1
100 1
100 1
100 1
100 1
100 1
100 1
100 1
100 1
100 1
100 1
100 1
100 1
100 1
100 1
100 1
100 1
100 1
100 1
100 1
100 1
100 1
100 1
100 1
100 1
100 1
100 1
100 1
100 1
100 1
100 1
100 1
100 1
100 1
100 1
100 1
100 1
100 1
100 1
100 1
100 1
100 1
100 1
100 1
100 1
100 1
100 1
100 1
100 1
100 1
100 1
100 1
100 1
100 1
100 1
100 1
100 1
100 1
100 1
100 1
100 1
100 1
100 1
100 1
100 1
100 1
100 1
100 1
100 1
100 1
100 1
100 1
100 1
100 1
100 1
100 1
100 1
100 1
100 1
100 1
100 1
100 1
100 1
100 1
100 1
100 1
100 1
100 1
100 1
100 1
100 1
100 1
100 1
100 1
100 1
100 1
100 1
100 1
100 1
100 1
100 1
100 1
100 1
100 1
100 1
100 1
100 1
100 1
100 1
100 1
100 1
100 1
100 1
100 1
100 1
100 1
100 1
100 1
100 1
100 1
100 1
100 1
100 1
100 1
100 1
100 1
100 1
100 1
100 1
100 1
100 1
100 1
100 1
100 1
100 1
100 1
100 1
100 1
100 1
100 1
100 1
100 1
100 1
100 1
100 1
100 1
100 1
100 1
100 1
100 1
100 1
100 1
100 1
100 1
100 1
100 1
100 1
100 1
100 1
100 1
100 1
100 1
100 1
100 1
100 1
100 1
100 1
100 1
100 1
100 1
100 1
100 1
100 1
100 1
100 1
100 1
100 1
100 1
100 1
100 1
100 1
100 1
100 1
100 1
100 1
100 1
100 1
100 1
100 1
100 1
100 1
100 1
100 1
100 1
100 1
100 1
100 1
100 1
100 1
100 1
100 1
100 1
100 1
100 1
100 1
100 1
100 1
100 1
100 1
100 1
100 1
100 1
100 1
100 1
100 1
100 1
100 1
100 1
100 1
100 1
100 1
100 1
100 1
100 1
100 1
100 1
100 1
100 1
100 1
100 1
100 1
100 1
100 1
100 1
100 1
100 1
100 1
100 1
100 1
100 1
100 1
100 1
100 1
100 1
100 1
100 1
100 1
100 1
100 1
100 1
100 1
100 1
100 1
100 1
100 1
100 1
100 1
100 1
100 1
100 1
100 1
100 1
100 1
100 1
100 1
100 1
100 1
100 1
100 1
100 1
100 1
100 1
100 1
100 1
100 1
100 1
100 1
100 1
100 1
100 1
100 1
100 1
100 1
100 1
100 1
100 1
100 1
100 1
691 1862 8457
1862 485 569
517 485 352
517 1249 7300
1645 1249 7339
291 1645 2849
291 1928 2394
1928 1383 1076
401 1383 9627
254 401 3594
254 988 1743
988 826 1192
1436 826 4054
151 1436 8275
151 442 4716
798 442 5089
798 1498 5769
1498 1199 6192
1199 672 4915
672 773 5653
773 664 6215
878 664 2808
420 878 8984
1945 420 1982
1945 367 3078
367 573 2791
573 1016 3699
351 1016 7017
1822 351 50
1822 1524 9469
1524 1527 9921
1527 1855 344
36 1855 3897
849 36 9901
1372 849 2339
1372 799 4016
799 1712 1790
136 1712 2526
1767 136 2686
1767 1229 8012
1229 1462 1654
1451 1462 1053
1841 1451 9369
1841 60 5944
60 1673 7069
652 1673 745
1714 652 8882
436 1714 7015
436 313 3042
201 313 2822
201 843 6393
561 843 5454
501 561 5255
501 542 1707
740 542 7043
740 1215 6822
1215 1109 2338
1703 1109 1460
1495 1703 3033
1495 751 8414
751 487 543
783 487 7377
1121 783 4806
1121 1827 3750
697 1827 2508
438 697 1684
709 438 1869
658 709 2245
1706 658 3515
1803 1706 3959
1803 228 2160
228 1480 2516
1480 1459 6755
935 1459 8852
948 935 9994
112 948 5777
112 1405 543
1689 1405 235
1689 586 9158
586 1295 5645
1295 1860 6238
1799 1860 512
539 1799 7350
138 539 3119
904 138 5345
904 829 186
640 829 6397
1244 640 1182
1244 629 9472
629 1057 1973
1057 850 6581
1738 850 9675
1738 1331 86
59 1331 5793
59 596 7193
596 454 4245
1590 454 8352
1590 690 1697
121 690 9676
121 791 1554
745 791 6930
1699 745 6892
1866 1699 3601
1160 1866 5357
1950 1160 1394
371 1950 6863
371 887 2913
1122 887 7122
1122 1933 8523
1933 600 7817
459 600 9656
459 1443 308
851 1443 380
1677 851 462
1957 1677 1176
1957 1891 9176
1891 133 1862
26 133 3413
26 1373 9717
1373 749 4023
1672 749 9137
1672 253 7931
1193 253 4599
1206 1193 2656
1674 1206 5383
1907 1674 1213
1907 1019 1083
1826 1019 3811
881 1826 5719
881 187 7633
1912 187 9042
1912 1948 2359
1948 318 2836
553 318 1918
553 425 640
1461 425 5382
1461 1806 8420
591 1806 4111
743 591 3806
743 1500 4492
1399 1500 7602
1399 1586 8180
1586 441 2569
247 441 6715
1515 247 5180
408 1515 1329
408 1236 7649
853 1236 2233
1556 853 8261
1556 497 173
497 1631 8827
120 1631 9616
1886 120 2371
1766 1886 1012
473 1766 8191
284 473 2829
284 86 3987
784 86 6518
45 784 5163
841 45 1890
983 841 4208
1302 983 5270
1302 572 702
93 572 2533
93 699 5648
699 289 8779
289 1096 7757
1096 805 591
805 917 8760
937 917 6003
775 937 1970
775 1817 4317
1432 1817 6290
1962 1432 6859
739 1962 9240
739 1092 6962
1413 1092 5662
1434 1413 4312
205 1434 7392
205 1444 51
755 1444 9918
734 755 8401
734 960 9167
1790 960 4153
1790 521 8296
713 521 4818
789 713 4846
789 899 2051
899 179 5368
179 707 8203
1585 707 3432
1585 611 3234
611 793 9804
793 819 5071
819 383 704
1901 383 2491
1901 1569 630
1374 1569 5301
439 1374 5817
278 439 5368
1346 278 8030
1346 1370 6027
1370 1133 315
1133 1114 3879
1114 1058 2253
1058 982 4078
564 982 7397
1226 564 6761
1226 987 8770
1002 987 2531
1965 1002 7413
1341 1965 9541
1341 597 289
597 394 1345
57 394 7026
57 1477 211
589 1477 7951
1759 589 3796
1759 125 2899
1071 125 1329
1421 1071 9848
426 1421 1916
910 426 1813
910 385 4513
889 385 4874
889 1987 44
1987 1930 9784
633 1930 7337
373 633 7735
373 1986 8460
1371 1986 7602
1371 957 2178
800 957 2694
800 165 2359
165 1559 8139
1686 1559 2377
1243 1686 8466
1243 1633 909
1633 890 1152
1425 890 8209
1425 970 5065
194 970 8258
194 1482 3873
1482 108 8463
1348 108 1983
827 1348 4173
1850 827 3379
1850 381 1212
761 381 5993
761 1543 8778
1543 1971 2606
1971 728 6983
482 728 8594
1698 482 1385
1698 506 2607
506 1589 481
1006 1589 938
1288 1006 653
1126 1288 3991
1126 434 7487
502 434 9457
1424 502 8846
1667 1424 1210
1908 1667 939
1908 714 7296
714 232 8487
232 894 1122
907 894 4323
550 907 9825
307 550 6505
1213 307 9930
1088 1213 4249
1319 1088 8722
1181 1319 6309
1181 1755 1011
95 1755 5425
95 1846 1223
1846 83 5670
83 653 1746
653 711 4198
711 763 7924
763 900 6981
659 900 5071
277 659 7254
277 1014 1927
1792 1014 2259
1792 1044 664
1621 1044 577
1621 1246 2060
1246 619 9907
1060 619 4060
1060 1749 5278
1749 862 2982
818 862 3437
818 100 6657
100 1935 1349
1273 1935 3837
331 1273 2588
1171 331 1326
1307 1171 3382
1307 1671 2075
1678 1671 4704
1678 1186 609
54 1186 9745
54 122 7534
122 866 8957
866 402 7755
402 1618 956
382 1618 617
1916 382 3771
1916 1870 3103
428 1870 8129
428 116 1170
1801 116 6468
315 1801 7783
1048 315 6764
219 1048 2085
219 966 1033
701 966 3823
742 701 6785
742 1224 2528
1579 1224 8269
1579 1086 6039
1139 1086 6660
1336 1139 9110
1798 1336 5592
1798 427 4805
1793 427 560
1207 1793 2396
1519 1207 8149
833 1519 6129
363 833 2369
363 1351 2878
1489 1351 2964
607 1489 8151
104 607 7641
104 338 5675
1490 338 3785
282 1490 8345
282 583 1967
583 1294 3621
1428 1294 1724
1428 1990 3739
1518 1990 43
1518 474 8466
474 1776 4455
814 1776 9077
349 814 8219
1642 349 1086
1642 777 587
777 1840 2468
959 1840 5778
730 959 1943
730 1278 1515
1278 780 5129
780 1710 1204
1710 840 6719
689 840 2287
1314 689 2904
1314 430 1034
430 225 6669
225 1616 578
1616 905 362
224 905 4948
224 1872 5212
1872 177 6821
696 177 1132
696 1961 2802
356 1961 6475
356 1837 298
724 1837 3406
1013 724 7914
1656 1013 5612
1656 1157 7465
30 1157 9093
30 1814 8902
1034 1814 7237
1034 58 4542
58 1375 1977
1391 1375 3475
978 1391 8401
978 544 7417
544 245 599
245 422 5075
422 1581 9056
1581 193 7341
193 870 5680
870 1061 4859
1061 993 2147
1542 993 8578
1542 319 7353
319 1041 2693
365 1041 9505
365 27 1668
782 27 6937
782 920 8399
1328 920 1205
1328 1045 3729
465 1045 46
738 465 8171
636 738 4109
1732 636 1614
1732 644 8249
644 266 8478
266 1410 44
1410 1558 7011
1558 1261 989
164 1261 8977
1885 164 5753
68 1885 8410
68 1503 2051
1415 1503 770
651 1415 4351
132 651 7172
1051 132 9673
1051 832 1348
832 448 3467
448 842 1524
1077 842 2894
49 1077 9962
49 893 1505
893 1663 6978
1663 1620 9864
227 1620 5232
623 227 7367
623 1538 8521
1538 1256 2383
81 1256 6387
84 81 4903
84 1280 4762
1280 879 3471
879 977 3076
977 1393 3601
145 1393 4471
140 145 7962
140 1152 1417
1152 1937 2296
1937 877 8296
1603 877 2099
1540 1603 6460
1540 534 5904
483 534 6890
483 1510 9556
1510 146 4730
1065 146 2870
64 1065 3579
62 64 3689
1662 62 9349
111 1662 1160
111 1560 1759
556 1560 2819
916 556 6930
1440 916 1129
1882 1440 8078
1770 1882 6838
1770 511 5804
511 1187 7567
1178 1187 2931
1145 1178 7915
1591 1145 1727
1785 1591 2900
1785 103 1839
103 1123 9134
163 1123 8766
99 163 4664
99 1491 9220
1702 1491 7857
6 1702 5341
998 6 5821
1608 998 4570
1608 1847 1480
1847 688 3927
1343 688 5961
1155 1343 7198
1155 860 5595
860 374 5290
374 1619 4280
1619 1066 2286
1496 1066 8567
1135 1496 2982
912 1135 40
912 333 3822
191 333 6189
1982 191 866
1982 965 9899
965 406 6086
406 1095 2753
1095 1408 2407
1408 510 9337
630 510 306
630 89 4525
89 1203 5315
1211 1203 3707
1211 944 8800
1958 944 5611
197 1958 4567
971 197 5089
172 971 2597
172 1003 5791
1630 1003 777
720 1630 3228
1557 720 3769
1557 1517 106
1036 1517 2035
1168 1036 581
1168 788 166
788 678 7656
678 1583 9842
1583 795 5284
741 795 2557
741 418 1075
667 418 2536
687 667 554
687 1438 5409
1438 1561 1822
1561 695 7723
695 1795 8616
1342 1795 4363
1390 1342 4011
1791 1390 1123
1973 1791 2757
1893 1973 1364
732 1893 3429
732 1584 7199
515 1584 4988
1068 515 7566
1747 1068 631
1191 1747 3425
721 1191 1820
637 721 7723
637 303 1538
303 1151 1870
1147 1151 742
994 1147 4675
975 994 1500
975 1820 6127
1820 845 8034
845 958 3011
343 958 6843
1242 343 3859
1242 1980 6203
1980 296 1737
296 452 7134
452 1648 1914
1648 1909 606
1909 1782 7833
1782 1400 4917
1400 748 4299
748 71 1695
1812 71 7115
1812 184 5091
1878 184 5487
1878 390 1524
390 1695 7051
1695 453 1155
1563 453 1044
1563 1115 9720
1115 115 1975
153 115 5537
1380 153 203
895 1380 9881
895 663 1333
663 940 8492
1577 940 3610
1577 662 8202
662 1460 9690
1460 199 1099
1635 199 6859
1635 1682 2978
1600 1682 3796
1600 1952 645
1813 1952 6427
1924 1813 972
911 1924 9089
491 911 3511
491 1197 1404
1197 693 3413
693 1554 485
620 1554 7058
620 1523 9316
1523 949 7168
949 1786 7704
1786 476 9626
639 476 4347
639 2000 1253
2000 378 3622
378 450 616
450 240 6897
768 240 30
1385 768 3949
1385 1529 8057
1134 1529 7846
488 1134 6217
488 1547 6547
134 1547 3661
186 134 143
186 1681 4601
1681 1318 7597
1318 922 3497
1130 922 4040
1130 806 916
806 1208 9737
1208 148 165
148 1976 5788
78 1976 9910
78 273 261
273 13 6126
13 626 9375
626 835 4109
469 835 4677
469 129 677
129 1093 9573
1093 65 9452
457 65 337
457 270 2095
96 270 8472
1622 96 5640
816 1622 949
816 1853 3875
1853 276 8422
276 1639 7198
1639 461 4560
461 1000 6767
1000 1222 1216
1222 1825 1386
1825 1072 101
1719 1072 3203
1719 1301 1997
1301 785 2545
1741 785 797
1281 1741 8596
595 1281 6628
1417 595 6505
1417 1347 1666
627 1347 2891
1859 627 6566
1859 41 6956
1697 41 8981
1697 933 1748
1038 933 6114
1038 1889 8680
936 1889 8106
1368 936 127
1368 915 3790
477 915 9345
969 477 1143
969 1842 1666
1842 1615 6709
1615 757 1998
621 757 824
621 241 3844
856 241 5667
974 856 3352
1237 974 8494
1237 1162 9396
943 1162 3259
943 632 6799
632 1335 2347
1335 634 1360
1138 634 7778
445 1138 2724
930 445 3608
258 930 991
258 1884 8897
190 1884 8015
1716 190 1264
1064 1716 9927
1797 1064 1463
1797 1059 7963
1059 1474 898
1161 1474 3527
1217 1161 8293
1217 825 6725
825 412 6546
412 288 607
1029 288 1536
1029 1101 8497
1101 1277 1560
1277 1200 51
1492 1200 7058
1492 1276 2326
552 1276 5888
552 779 9820
779 127 2297
341 127 4237
341 1805 6825
1407 1805 4518
1407 123 6070
123 812 8549
956 812 22
992 956 4291
29 992 784
18 29 3281
527 18 5664
744 527 583
962 744 9807
962 1329 104
1329 679 7666
679 676 8762
676 1287 2337
1287 344 1333
344 574 2507
817 574 1001
817 1339 664
55 1339 9765
1366 55 4927
665 1366 933
665 456 5994
1282 456 4940
1282 631 4950
631 1475 882
1562 1475 3903
364 1562 3936
364 1917 2396
256 1917 7482
1120 256 8359
1283 1120 4747
293 1283 4240
1769 293 2631
500 1769 5362
1743 500 5277
1743 1929 9013
1946 1929 9005
1946 509 6854
509 226 441
226 1772 5748
1780 1772 1965
1715 1780 6396
1942 1715 1043
1452 1942 9784
1355 1452 499
1355 1353 7427
1920 1353 2921
1107 1920 6688
1104 1107 89
1104 1258 9899
1258 1819 4631
399 1819 4560
399 1054 6306
1484 1054 2268
1484 1025 8624
1025 1721 5521
1721 271 4176
1520 271 2477
1876 1520 3292
1876 1989 8524
892 1989 3358
892 431 7517
1404 431 3396
650 1404 1811
650 660 5079
660 1320 461
587 1320 7544
587 1831 521
1831 1103 8892
1103 1683 2052
1683 1764 1274
1764 1959 1796
545 1959 578
1332 545 4858
1234 1332 2721
1234 1356 8450
1504 1356 2626
1504 855 8589
1970 855 3895
1970 1043 9937
1043 609 7560
609 1100 751
1100 1684 5610
1684 1532 374
810 1532 1076
810 1940 774
1940 1031 2047
375 1031 9399
375 1463 8028
1463 543 7163
543 602 474
602 455 4993
324 455 5896
324 867 7051
143 867 9544
143 380 1459
380 1437 4052
822 1437 2617
822 470 2293
470 207 432
207 366 962
366 1136 2218
1136 1359 2006
1359 1265 7057
1701 1265 9941
1228 1701 5000
1228 811 3408
811 1880 3649
1880 1028 9015
1726 1028 1296
1694 1726 7343
1694 1975 5135
1975 1546 6564
778 1546 2659
1664 778 9537
1745 1664 8143
1848 1745 7677
1848 1553 3848
1553 1707 2392
1105 1707 8026
22 1105 5222
1505 22 425
598 1505 4715
327 598 2746
327 1815 1624
1815 1251 3394
1251 643 1701
643 1349 9790
1349 1723 896
1723 1125 8389
540 1125 85
222 540 8252
222 372 8606
372 1412 7881
355 1412 780
355 518 6698
848 518 1031
848 1062 246
1062 702 7762
702 719 3443
309 719 1619
772 309 170
772 752 7202
1788 752 1545
1729 1788 6639
1170 1729 7608
498 1170 2393
498 135 5565
135 311 4924
311 668 211
668 16 7691
16 1018 7529
547 1018 3855
547 298 2183
875 298 3326
1868 875 5270
1868 1993 3455
537 1993 6593
214 537 7533
214 1196 3190
212 1196 6106
24 212 6258
1810 24 2326
1810 1923 8796
386 1923 1600
386 92 3184
908 92 8284
908 287 2271
579 287 2902
579 605 3172
605 1771 4054
1771 582 5051
582 183 7077
183 272 7917
272 549 3791
1960 549 2047
1960 221 937
1362 221 2268
1362 1303 2084
961 1303 1184
396 961 3554
396 1536 6662
1536 1691 2360
1098 1691 9348
1098 1453 1174
10 1453 2134
10 176 2771
176 42 5208
141 42 6220
750 141 7544
243 750 7247
1611 243 1035
654 1611 8258
1808 654 5550
1808 12 9578
189 12 4336
361 189 569
361 1507 5887
1012 1507 7127
1012 1818 8944
1818 360 8228
1731 360 7203
1327 1731 6941
1327 861 6534
1910 861 109
388 1910 6393
1493 388 3814
1297 1493 3137
1297 246 8992
737 246 6929
528 737 1825
580 528 2694
580 499 2382
499 1047 9154
451 1047 7200
603 451 6843
934 603 3579
1789 934 197
1254 1789 5899
1254 1312 4349
1312 1898 7295
1898 188 9063
1487 188 1275
1306 1487 9707
1513 1306 5081
1099 1513 1979
1099 1023 6016
1023 14 7993
421 14 2520
421 1638 134
1650 1638 6300
1650 236 9966
236 1250 8832
1250 1545 2146
747 1545 1925
1360 747 5110
716 1360 1819
716 1900 6604
1900 208 4823
769 208 4928
389 769 3958
1154 389 2726
776 1154 3984
1070 776 3105
98 1070 3840
495 98 7253
1129 495 1090
1129 706 9759
1894 706 8318
1894 1310 6068
87 1310 9173
87 249 5335
249 770 1513
770 1541 2047
1541 1809 9826
1809 259 5816
1142 259 5150
203 1142 408
1464 203 4968
1464 896 966
733 896 6381
733 1011 8150
1358 1011 5643
1358 1922 3271
1922 1877 155
1877 715 1425
715 684 3664
684 206 4377
460 206 2464
1214 460 7640
1022 1214 3523
1794 1022 9451
1768 1794 5370
257 1768 9947
257 1551 7313
1551 198 111
198 1205 2280
1205 686 9681
20 686 366
20 575 3151
575 1828 3487
1871 1828 6899
1871 1403 9905
1007 1403 4421
551 1007 1785
551 570 9311
1624 570 563
1765 1624 1281
335 1765 6193
1688 335 1014
1688 1113 5075
1783 1113 1911
340 1783 6392
928 340 9614
1984 928 1380
46 1984 4878
342 46 8483
685 342 7617
1991 685 3197
1670 1991 6017
1670 1641 379
1641 577 4972
577 1141 3001
1427 1141 6818
554 1427 6380
1999 554 2497
1999 1308 4181
1308 1588 5027
955 1588 134
1083 955 3237
1083 175 3909
175 569 9531
569 1725 9103
972 1725 7923
972 614 4559
614 610 7015
792 610 4639
181 792 1751
181 1867 1998
409 1867 7174
1829 409 9554
1829 1166 1428
1166 1580 2432
1580 173 2028
173 694 3178
268 694 9518
1516 268 3352
558 1516 2720
329 558 4794
329 1906 4144
1241 1906 9645
1241 1977 862
821 1977 284
1784 821 456
217 1784 4425
1446 217 6293
1446 868 6524
1528 868 5126
1528 1711 7803
590 1711 10
590 888 1755
888 1777 3873
1777 489 2518
1955 489 3956
1955 1757 8797
1757 223 3522
790 223 5983
376 790 9374
1483 376 8523
675 1483 9415
675 354 3491
354 1807 952
625 1807 194
529 625 1825
529 762 5679
762 872 7205
731 872 2050
1456 731 9239
1144 1456 550
1055 1144 2814
1055 985 2607
211 985 816
211 283 4046
283 1985 8894
1761 1985 1587
1761 1902 2332
1902 290 8115
1954 290 7989
1954 1567 8955
1567 1164 4508
951 1164 6083
1593 951 6374
1593 764 9574
947 764 6694
1823 947 7841
458 1823 8936
424 458 7049
424 787 8930
787 1981 642
1981 617 4136
869 617 2734
1966 869 5968
85 1966 6322
85 1972 8149
238 1972 2223
238 1245 7072
1245 593 912
1931 593 1411
1931 736 8096
736 1646 9303
1646 1692 5582
415 1692 329
1481 415 2899
1481 63 1057
63 314 8290
314 1890 5411
493 1890 3473
493 997 2457
673 997 3544
673 584 1169
1270 584 440
1270 218 8163
1941 218 2238
1739 1941 6278
463 1739 5175
463 3 2115
3 443 678
443 1834 2297
242 1834 260
242 1252 8531
1252 237 8615
237 118 3095
118 229 7414
746 229 1457
1021 746 9852
1021 796 6223
796 727 7836
1184 727 110
1184 337 6772
1150 337 533
898 1150 3860
898 1289 1088
1289 1422 4672
353 1422 1280
353 1836 1956
1836 1182 7441
1182 1106 648
1106 1449 396
1994 1449 2581
1994 559 9070
1418 559 5495
1418 1472 1481
1472 1816 6899
1816 581 9993
400 581 8634
400 28 1034
28 941 3758
1499 941 9704
1499 357 8213
1431 357 3782
480 1431 140
480 585 7555
1457 585 3598
548 1457 6123
391 548 4629
1448 391 2314
608 1448 5360
765 608 3478
765 299 1142
522 299 5805
1175 522 3817
1361 1175 8539
1744 1361 2735
847 1744 5121
1760 847 4893
1760 377 3604
1647 377 5220
1647 1108 626
1468 1108 8545
1468 263 1914
263 1727 6399
1727 292 8491
292 1089 3440
1089 1592 9885
1296 1592 7868
1296 51 288
901 51 1257
901 106 5570
106 1596 6908
1596 411 949
1409 411 5711
828 1409 1216
413 828 5859
413 1852 388
1852 839 1208
839 264 2242
1905 264 7291
1163 1905 5819
1163 657 2206
1001 657 136
1001 647 9870
248 647 9867
239 248 1762
239 760 8550
1643 760 1727
638 1643 11
638 1666 8004
735 1666 6083
735 1420 4514
1420 1067 5955
244 1067 4715
1024 244 7179
1024 964 496
964 1074 1729
4 1074 7699
1668 4 2030
209 1668 3732
209 1253 183
903 1253 8010
891 903 8431
858 891 2592
858 1185 9883
486 1185 7587
486 1476 1574
852 1476 1897
852 1240 2261
1240 306 2372
1172 306 6862
1864 1172 7462
379 1864 2869
379 21 8903
1416 21 1735
1416 1895 9829
562 1895 8859
1298 562 5628
1298 1915 7301
938 1915 1462
1084 938 9052
1084 767 3845
670 767 8351
1378 670 2511
1378 323 6852
323 990 6584
990 1746 7025
1657 1746 662
1736 1657 7871
117 1736 2209
1830 117 9947
618 1830 6794
618 1612 9966
1612 1445 2110
1445 235 4544
1865 235 4090
1865 880 5224
280 880 1873
280 1255 5448
1255 142 1884
142 1996 4791
1167 1996 2706
1167 171 6238
171 308 8056
101 308 9047
980 101 346
202 980 2962
202 1419 1514
279 1419 1258
279 531 9592
154 531 7912
1075 154 4484
1075 1153 854
1305 1153 8640
1305 1315 1959
1315 1913 1033
1913 1266 357
1845 1266 2423
1201 1845 8667
1201 1844 9699
1844 1824 7925
1824 158 4521
158 642 8212
1654 642 206
1654 846 774
926 846 3155
926 804 2453
804 490 4907
490 1535 6542
1535 1537 5754
1537 1680 2582
168 1680 302
168 802 8744
921 802 3138
1582 921 5778
854 1582 8368
854 345 2481
345 107 2279
1455 107 7657
1455 815 6269
815 1392 1930
1392 1078 6983
1078 1026 4351
1026 1992 1415
1992 1742 3177
1742 1774 2230
1774 230 2075
230 66 2754
66 612 2663
786 612 1353
786 69 7402
69 1953 630
23 1953 8211
23 1849 4107
336 1849 1625
1651 336 736
1651 1705 2894
1708 1705 2667
683 1708 7086
216 683 1089
532 216 2557
532 516 7260
516 1221 800
1221 433 782
72 433 2970
72 1717 6516
1717 560 8970
560 1333 4078
1333 1763 8755
1763 1501 9598
1501 1974 509
1974 1350 9055
1939 1350 1050
1190 1939 9208
302 1190 2507
635 302 2033
635 1387 2931
159 1387 6373
1235 159 4716
1357 1235 9497
1357 7 809
7 462 7180
462 1762 5980
1722 1762 4560
1722 1735 9737
1735 416 1288
416 1367 7531
1367 265 1537
407 265 230
407 950 246
950 1943 9756
541 1943 606
1220 541 7299
1572 1220 8041
1050 1572 9847
1934 1050 572
73 1934 8236
1090 73 2073
1879 1090 3991
1471 1879 1715
1720 1471 5998
1435 1720 8048
504 1435 7052
504 1149 1215
1149 1231 3482
1231 1194 9596
1194 1010 6346
1010 703 6961
80 703 5110
80 989 5376
989 1832 5049
1832 1599 6702
326 1599 6523
326 464 1794
464 359 9699
359 35 6207
35 803 1592
803 1918 7230
330 1918 7961
1429 330 4912
1675 1429 302
1675 1892 7410
124 1892 2622
124 1046 2274
1046 1904 2258
1904 1398 8896
1398 274 7546
166 274 6073
1565 166 6158
801 1565 7120
1382 801 7096
281 1382 6957
281 931 4257
536 931 2523
536 1514 7512
160 1514 477
1718 160 4938
1718 1128 6785
578 1128 8990
1571 578 5976
1192 1571 1089
1317 1192 996
1317 1548 4626
1548 1344 3426
1233 1344 4078
1233 38 698
38 606 5774
1921 606 6677
1447 1921 9247
1447 1076 5023
1076 67 3027
823 67 1245
882 823 9782
754 882 993
754 1566 4228
1861 1566 1291
196 1861 1465
440 196 4242
1326 440 3641
328 1326 1763
328 11 1969
11 128 8121
128 301 925
1753 301 9102
1753 884 2732
954 884 8769
1896 954 7425
1094 1896 2649
1854 1094 4747
834 1854 6873
834 508 9943
1888 508 2468
1888 1388 4164
1388 1485 5842
902 1485 3079
1573 902 2340
1573 437 9664
1575 437 1317
1575 520 7805
520 161 6225
161 1665 94
1665 275 1370
1008 275 9225
1316 1008 2841
61 1316 3423
61 56 9746
1938 56 2270
131 1938 2011
34 131 9176
9 34 4878
9 1781 8724
1781 1685 8508
1685 1406 7284
1293 1406 5157
1874 1293 4503
114 1874 3830
144 114 5935
144 886 8914
886 231 7013
231 370 996
1132 370 8620
1486 1132 1267
601 1486 6787
1512 601 3447
1414 1512 2943
919 1414 603
919 397 1961
526 397 8036
555 526 3091
808 555 9153
1402 808 7473
565 1402 5956
565 1661 4070
1661 897 3824
897 1384 2204
1384 17 82
604 17 5128
604 312 6037
312 1479 5293
1479 1209 4097
1209 1983 6656
979 1983 9684
1411 979 7004
999 1411 3555
1330 999 2871
718 1330 7459
718 976 3236
1009 976 435
1009 883 7531
883 1634 1468
1271 1634 1814
844 1271 4092
322 844 1421
322 79 527
1488 79 9028
1137 1488 2304
1137 368 7955
1216 368 654
1354 1216 903
1458 1354 3186
568 1458 551
568 1494 8864
1494 700 8377
700 1858 588
1052 1858 8566
1052 1737 1855
1737 1947 8459
1176 1947 2506
507 1176 5185
94 507 5850
15 94 8224
15 320 1901
320 8 5392
484 8 2228
484 294 1840
1605 294 3305
1605 1397 7578
1397 594 2339
395 594 614
395 1040 9063
1004 1040 335
1004 1069 1329
1069 513 2051
566 513 6900
1521 566 6094
925 1521 6062
546 925 7017
1085 546 6047
1687 1085 7807
1687 523 4988
523 468 6993
1873 468 6847
1873 50 1850
325 50 8721
1430 325 4965
1533 1430 3995
1748 1533 6286
1345 1748 249
1478 1345 870
1478 1800 6032
1899 1800 7499
295 1899 4322
1914 295 9607
88 1914 3391
88 1450 4952
1963 1450 4158
1775 1963 7440
1617 1775 5005
1617 1623 2174
1623 666 6261
666 1433 4813
1433 1340 4545
1340 1713 8011
1713 1173 7008
1173 704 3260
704 419 761
419 1897 1968
1080 1897 3967
467 1080 258
467 1925 837
1925 1454 5795
1454 973 675
1856 973 7095
1856 1919 7226
1919 1887 7646
538 1887 613
538 1821 837
1082 1821 896
305 1082 9086
1111 305 5709
1111 1696 3165
1658 1696 7429
1364 1658 6821
1049 1364 7436
1049 1469 1603
1469 1752 4616
1 1752 8520
1381 1 6275
1381 119 7165
692 119 6751
97 692 8274
1081 97 2073
1968 1081 9319
1968 649 9793
410 649 5071
410 797 5097
31 797 130
423 31 3404
723 423 290
130 723 2882
157 130 9104
820 157 3681
387 820 527
387 1274 3941
1274 192 2761
150 192 611
150 1394 514
1394 1110 8346
1110 195 4906
195 1679 7932
1679 47 7974
1087 47 1324
1087 1311 3761
1210 1311 9847
1210 1248 2591
1248 1644 7560
1644 384 8290
384 1247 775
1146 1247 8433
2 1146 2994
2 1037 7989
1037 1042 8559
1606 1042 1110
1606 671 6240
671 1202 2310
317 1202 1336
317 963 716
1466 963 9645
1693 1466 9267
403 1693 3406
403 1401 388
1967 1401 6135
1967 759 290
759 1857 5203
1857 1423 5300
1508 1423 161
1787 1508 6392
1097 1787 2442
1169 1097 9414
1169 1174 8274
1174 449 6307
449 1116 4285
1116 530 9271
530 1017 1028
1112 1017 9153
995 1112 56
995 1079 9561
1079 1497 679
1497 1531 1830
1531 503 8988
503 204 642
1843 204 9579
1843 213 506
213 946 4061
946 1223 2298
1223 1232 6073
1232 1552 7273
1140 1552 4852
942 1140 4993
942 25 11
996 25 7057
996 1835 1262
348 1835 5206
1539 348 7903
1539 75 6936
74 75 5179
74 1502 5953
1263 1502 2792
571 1263 6771
1728 571 4544
648 1728 5850
648 1544 1436
1544 1509 3952
1509 220 9365
1395 220 1216
1395 70 2375
1629 70 9453
1118 1629 9512
1118 169 1636
169 1212 9159
1632 1212 766
1632 622 6152
1177 622 1947
830 1177 3215
830 1035 1692
1239 1035 506
1386 1239 2607
182 1386 804
512 182 2384
512 269 2408
1614 269 6030
1321 1614 7475
1321 576 108
576 807 5549
1269 807 6841
1269 417 5976
417 358 5778
358 1180 9770
914 1180 5782
1091 914 4440
1091 857 1835
857 813 9588
494 813 1551
1779 494 5257
1779 478 1441
1811 478 5123
1811 139 8433
615 139 4836
475 615 3925
1292 475 9445
1292 1627 6334
1627 729 1754
505 729 2795
505 33 9385
466 33 3836
466 471 4700
471 1188 2137
1188 1264 5989
1268 1264 3652
1268 1227 514
1227 252 1132
1979 252 6913
1979 514 9411
514 1063 1397
1063 1442 338
432 1442 1225
52 432 3772
52 1609 4532
76 1609 9937
1568 76 447
1568 909 6164
909 53 4099
1754 53 4830
1754 369 2166
332 369 3556
352 332 2471
350 352 5991
725 350 5432
1750 725 6395
262 1750 5964
1334 262 2682
1334 1156 5777
1156 945 329
945 1267 8063
1988 1267 3691
155 1988 1121
155 286 341
37 286 2916
147 37 6051
147 1526 3294
1951 1526 665
1951 1637 8897
304 1637 1691
109 304 4896
109 1053 6033
1053 525 289
1944 525 1589
1944 1159 2404
1291 1159 8095
1291 655 6899
1751 655 3379
1751 1549 6138
1549 1851 4857
1851 781 8840
781 1626 3694
1626 260 2182
766 260 8057
766 674 7736
674 1275 8433
1936 1275 7778
334 1936 4189
864 334 2462
447 864 7755
1189 447 8043
1189 297 1141
939 297 6839
1284 939 1152
1470 1284 5712
1470 1652 183
1652 705 1431
705 152 9561
1804 152 3286
310 1804 8030
599 310 1571
599 1734 7551
1734 1073 4806
1073 624 3174
624 77 6280
77 1724 3012
1724 316 4045
414 316 9986
1365 414 7251
1365 1337 1994
1740 1337 1083
1323 1740 6007
1020 1323 7655
906 1020 7210
255 906 1461
255 1564 2095
628 1564 2091
44 628 447
824 44 499
1033 824 55
1033 1272 4649
1219 1272 9256
1219 836 9395
836 923 9904
923 1131 448
1379 1131 954
347 1379 2820
347 90 5697
876 90 1891
1833 876 4107
156 1833 3212
1204 156 980
681 1204 9464
932 681 4119
932 1802 3170
200 1802 37
200 661 649
661 981 1215
102 981 7492
102 32 7078
39 32 614
1300 39 6982
924 1300 1443
1039 924 4605
1598 1039 385
1598 567 7778
1325 567 2674
831 1325 1860
285 831 7425
285 756 5633
1733 756 3850
1733 1700 5849
1027 1700 9232
698 1027 6449
48 698 6601
48 613 6908
613 588 4876
588 519 3559
1030 519 6799
1369 1030 68
712 1369 2330
712 398 5817
1604 398 6704
1604 1124 3897
1124 1964 5422
1964 1439 420
1439 641 5668
1636 641 3899
1636 873 2757
865 873 5351
865 1640 474
113 1640 9546
113 1602 6699
837 1602 6997
1881 837 4224
1881 300 7564
321 300 8789
446 321 1415
446 1778 413
557 1778 9930
557 1932 2008
1932 1574 1208
1875 1574 1704
1649 1875 9811
1649 481 992
1978 481 9447
1286 1978 8350
753 1286 8824
1522 753 2491
1005 1522 1977
234 1005 2848
1119 234 94
616 1119 2699
616 918 6132
918 492 8242
492 1396 2015
952 1396 5911
1257 952 6325
1257 1997 1597
809 1997 5658
809 339 1114
1279 339 2026
1279 1230 8798
1230 1883 2254
1587 1883 3299
1587 1838 6009
149 1838 2820
1869 149 9875
1869 1377 7171
1377 479 8824
1534 479 118
1578 1534 6961
1578 1704 7730
1704 404 2467
1756 404 3243
1102 1756 1030
646 1102 2171
646 1927 4745
1758 1927 8641
874 1758 7636
871 874 2043
984 871 3903
682 984 2551
682 1506 33
1903 1506 2726
1903 1998 1179
1998 137 4226
137 1595 9718
1669 1595 1010
178 1669 6394
178 1309 3868
656 1309 896
656 1262 7850
429 1262 395
40 429 5728
1690 40 914
392 1690 4588
392 346 4369
346 1576 4239
535 1576 5681
535 1441 7291
1441 210 3253
1676 210 5310
1676 1389 2759
1389 1032 5630
1032 1015 2162
1056 1015 7877
1465 1056 4977
533 1465 7552
533 167 759
1613 167 3394
1198 1613 2785
1198 1363 5902
1363 1969 649
1225 1969 1108
1594 1225 1148
1597 1594 5131
1597 1655 5166
1655 1352 9137
1148 1352 5004
1148 1285 7183
1285 669 7731
669 250 1777
251 250 7744
251 1839 4244
1839 794 1527
1555 794 7072
986 1555 7623
986 563 1128
563 1530 1581
1530 953 1871
953 1117 2745
1117 885 6222
393 885 2638
393 967 6964
5 967 6286
1238 5 365
1238 215 8357
215 1956 325
771 1956 9044
771 524 3839
524 170 1217
1127 170 2145
680 1127 1789
1299 680 7283
1299 1601 1607
645 1601 4568
708 645 4927
708 110 5179
110 1511 8685
1511 1625 3838
717 1625 6723
43 717 4511
267 43 2128
267 19 3772
185 19 6247
185 472 9656
472 1995 2879
1995 913 558
174 913 5324
174 710 4326
710 722 766
1324 722 5494
991 1324 2440
991 1158 5723
405 1158 228
405 1304 1368
1304 929 4581
1653 929 4669
1550 1653 2733
1550 1610 1692
1467 1610 5936
1313 1467 4120
1376 1313 6232
1376 1195 8047
726 1195 3019
261 726 4090
444 261 858
444 1949 6434
1949 1773 939
1773 435 4517
1628 435 1481
1628 1218 1113
1218 927 5642
1607 927 2224
82 1607 2226
82 968 6381
1338 968 5607
863 1338 2599
863 1911 5524
162 1911 299
1709 162 6113
1183 1709 278
1183 1179 3123
1179 1863 5731
1322 1863 5296
1322 180 2866
592 180 6726
362 592 3962
362 1143 3836
1143 1796 5968
1796 1165 1657
1473 1165 6696
1473 838 7507
838 1926 9564
1730 1926 603
233 1730 7867
1426 233 2296
1426 774 9539
774 1570 3329
1570 126 9986
1659 126 2367
1659 496 6713
1290 496 8609
1260 1290 1827
1259 1260 610
1259 105 7636
105 1660 4280
1525 1660 2517
758 1525 334
758 677 5199
677 91 1381
859 91 1254
