2000
1 100
1 99
1 98
1 97
1 96
1 95
1 94
1 93
1 92
1 91
1 90
1 89
1 88
1 87
1 86
1 85
1 84
1 83
1 82
1 81
1 80
1 79
1 78
1 77
1 76
1 75
1 74
1 73
1 72
1 71
1 70
1 69
1 68
1 67
1 66
1 65
1 64
1 63
1 62
1 61
1 60
1 59
1 58
1 57
1 56
1 55
1 54
1 53
1 52
1 51
1 50
1 49
1 48
1 47
1 46
1 45
1 44
1 43
1 42
1 41
1 40
1 39
1 38
1 37
1 36
1 35
1 34
1 33
1 32
1 31
1 30
1 29
1 28
1 27
1 26
1 25
1 24
1 23
1 22
1 21
1 20
1 19
1 18
1 17
1 16
1 15
1 14
1 13
1 12
1 11
1 10
1 9
1 8
1 7
1 6
1 5
1 4
1 3
1 2
1 1
100 1
100 1
100 1
100 1
100 1
100 1
100 1
100 1
100 1
100 1
100 1
100 1
100 1
100 1
100 1
100 1
100 1
100 1
100 1
100 1
100 1
100 1
100 1
100 1
100 1
100 1
100 1
100 1
100 1
100 1
100 1
100 1
100 1
100 1
100 1
100 1
100 1
100 1
100 1
100 1
100 1
100 1
100 1
100 1
100 1
100 1
100 1
100 1
100 1
100 1
100 1
100 1
100 1
100 1
100 1
100 1
100 1
100 1
100 1
100 1
100 1
100 1
100 1
100 1
100 1
100 1
100 1
100 1
100 1
100 1
100 1
100 1
100 1
100 1
100 1
100 1
100 1
100 1
100 1
100 1
100 1
100 1
100 1
100 1
100 1
100 1
100 1
100 1
100 1
100 1
100 1
100 1
100 1
100 1
100 1
100 1
100 1
100 1
100 1
100 1
100 1
100 1
100 1
100 1
100 1
100 1
100 1
100 1
100 1
100 1
100 1
100 1
100 1
100 1
100 1
100 1
100 1
100 1
100 1
100 1
100 1
100 1
100 1
100 1
100 1
100 1
100 1
100 1
100 1
100 1
100 1
100 1
100 1
100 1
100 1
100 1
100 1
100 1
100 1
100 1
100 1
100 1
100 1
100 1
100 1
100 1
100 1
100 1
100 1
100 1
100 1
100 1
100 1
100 1
100 1
100 1
100 1
100 1
100 1
100 1
100 1
100 1
100 1
100 1
100 1
100 1
100 1
100 1
100 1
100 1
100 1
100 1
100 1
100 1
100 1
100 1
100 1
100 1
100 1
100 1
100 1
100 1
100 1
100 1
100 1
100 1
100 1
100 1
100 1
100 1
100 1
100 1
100 1
100 1
100 1
100 1
100 1
100 1
100 1
100 1
100 1
100 1
100 1
100 1
100 1
100 1
100 1
100 1
100 1
100 1
100 1
100 1
100 1
100 1
100 1
100 1
100 1
100 1
100 1
100 1
100 1
100 1
100 1
100 1
100 1
100 1
100 1
100 1
100 1
100 1
100 1
100 1
100 1
100 1
100 1
100 1
100 1
100 1
100 1
100 1
100 1
100 1
100 1
100 1
100 1
100 1
100 1
100 1
100 1
100 1
100 1
100 1
100 1
100 1
100 1
100 1
100 1
100 1
100 1
100 1
100 1
100 1
100 1
100 1
100 1
100 1
100 1
100 1
100 1
100 1
100 1
100 1
100 1
100 1
100 1
100 1
100 1
100 1
100 1
100 1
100 1
100 1
100 1
100 1
100 1
100 1
100 1
100 1
100 1
100 1
100 1
100 1
100 1
100 1
100 1
100 1
100 1
100 1
100 1
100 1
100 1
100 1
100 1
100 1
100 1
100 1
100 1
100 1
100 1
100 1
100 1
100 1
100 1
100 1
100 1
100 1
100 1
100 1
100 1
100 1
100 1
100 1
100 1
100 1
100 1
100 1
100 1
100 1
100 1
100 1
100 1
100 1
100 1
100 1
100 1
100 1
100 1
100 1
100 1
100 1
100 1
100 1
100 1
100 1
100 1
100 1
100 1
100 1
100 1
100 1
100 1
100 1
100 1
100 1
100 1
100 1
100 1
100 1
100 1
100 1
100 1
100 1
100 1
100 1
100 1
100 1
100 1
100 1
100 1
100 1
100 1
100 1
100 1
100 1
100 1
100 1
100 1
100 1
100 1
100 1
100 1
100 1
100 1
100 1
100 1
100 1
100 1
100 1
100 1
100 1
100 1
100 1
100 1
100 1
100 1
100 1
100 1
100 1
100 1
100 1
100 1
100 1
100 1
100 1
100 1
100 1
100 1
100 1
100 1
100 1
100 1
100 1
100 1
100 1
100 1
100 1
100 1
100 1
100 1
100 1
100 1
100 1
100 1
100 1
100 1
100 1
100 1
100 1
100 1
100 1
100 1
100 1
100 1
100 1
100 1
100 1
100 1
100 1
100 1
100 1
100 1
100 1
100 1
100 1
100 1
100 1
100 1
100 1
100 1
100 1
100 1
100 1
100 1
100 1
100 1
100 1
100 1
100 1
100 1
100 1
100 1
100 1
100 1
100 1
100 1
100 1
100 1
100 1
100 1
100 1
100 1
100 1
100 1
100 1
100 1
100 1
100 1
100 1
100 1
100 1
100 1
100 1
100 1
100 1
100 1
100 1
100 1
100 1
100 1
100 1
100 1
100 1
100 1
100 1
100 1
100 1
100 1
100 1
100 1
100 1
100 1
100 1
100 1
100 1
100 1
100 1
100 1
100 1
100 1
100 1
100 1
100 1
100 1
100 1
100 1
100 1
100 1
100 1
100 1
100 1
100 1
100 1
100 1
100 1
100 1
100 1
100 1
100 1
100 1
100 1
100 1
100 1
100 1
100 1
100 1
100 1
100 1
100 1
100 1
100 1
100 1
100 1
100 1
100 1
100 1
100 1
100 1
100 1
100 1
100 1
100 1
100 1
100 1
100 1
100 1
100 1
100 1
100 1
100 1
100 1
100 1
100 1
100 1
100 1
100 1
100 1
100 1
100 1
100 1
100 1
100 1
100 1
100 1
100 1
100 1
100 1
100 1
100 1
100 1
100 1
100 1
100 1
100 1
100 1
100 1
100 1
100 1
100 1
100 1
100 1
100 1
100 1
100 1
100 1
100 1
100 1
100 1
100 1
100 1
100 1
100 1
100 1
100 1
100 1
100 1
100 1
100 1
100 1
100 1
100 1
100 1
100 1
100 1
100 1
100 1
100 1
100 1
100 1
100 1
100 1
100 1
100 1
100 1
100 1
100 1
100 1
100 1
100 1
100 1
100 1
100 1
100 1
100 1
100 1
100 1
100 1
100 1
100 1
100 1
100 1
100 1
100 1
100 1
100 1
100 1
100 1
100 1
100 1
100 1
100 1
100 1
100 1
100 1
100 1
100 1
100 1
100 1
100 1
100 1
100 1
100 1
100 1
100 1
100 1
100 1
100 1
100 1
100 1
100 1
100 1
100 1
100 1
100 1
100 1
100 1
100 1
100 1
100 1
100 1
100 1
100 1
100 1
100 1
100 1
100 1
100 1
100 1
100 1
100 1
100 1
100 1
100 1
100 1
100 1
100 1
100 1
100 1
100 1
100 1
100 1
100 1
100 1
100 1
100 1
100 1
100 1
100 1
100 1
100 1
100 1
100 1
100 1
100 1
100 1
100 1
100 1
100 1
100 1
100 1
100 1
100 1
100 1
100 1
100 1
100 1
100 1
100 1
100 1
100 1
100 1
100 1
100 1
100 1
100 1
100 1
100 1
100 1
100 1
100 1
100 1
100 1
100 1
100 1
100 1
100 1
100 1
100 1
100 1
100 1
100 1
100 1
100 1
100 1
100 1
100 1
100 1
100 1
100 1
100 1
100 1
100 1
100 1
100 1
100 1
100 1
100 1
100 1
100 1
100 1
100 1
100 1
100 1
100 1
100 1
100 1
100 1
100 1
100 1
100 1
100 1
100 1
100 1
100 1
100 1
100 1
100 1
100 1
100 1
100 1
100 1
100 1
100 1
100 1
100 1
100 1
100 1
100 1
100 1
100 1
100 1
100 1
100 1
100 1
100 1
100 1
100 1
100 1
100 1
100 1
100 1
100 1
100 1
100 1
100 1
100 1
100 1
100 1
100 1
100 1
100 1
100 1
100 1
100 1
100 1
100 1
100 1
100 1
100 1
100 1
100 1
100 1
100 1
100 1
100 1
100 1
100 1
100 1
100 1
100 1
100 1
100 1
100 1
100 1
100 1
100 1
100 1
100 1
100 1
100 1
100 1
100 1
100 1
100 1
100 1
100 1
100 1
100 1
100 1
100 1
100 1
100 1
100 1
100 1
100 1
100 1
100 1
100 1
100 1
100 1
100 1
100 1
100 1
100 1
100 1
100 1
100 1
100 1
100 1
100 1
100 1
100 1
100 1
100 1
100 1
100 1
100 1
100 1
100 1
100 1
100 1
100 1
100 1
100 1
100 1
100 1
100 1
100 1
100 1
100 1
100 1
100 1
100 1
100 1
100 1
100 1
100 1
100 1
100 1
100 1
100 1
100 1
100 1
100 1
100 1
100 1
100 1
100 1
100 1
100 1
100 1
100 1
100 1
100 1
100 1
100 1
100 1
100 1
100 1
100 1
100 1
100 1
100 1
100 1
100 1
100 1
100 1
100 1
100 1
100 1
100 1
100 1
100 1
100 1
100 1
100 1
100 1
100 1
100 1
100 1
100 1
100 1
100 1
100 1
100 1
100 1
100 1
100 1
100 1
100 1
100 1
100 1
100 1
100 1
100 1
100 1
100 1
100 1
100 1
100 1
100 1
100 1
100 1
100 1
100 1
100 1
100 1
100 1
100 1
100 1
100 1
100 1
100 1
100 1
100 1
100 1
100 1
100 1
100 1
100 1
100 1
100 1
100 1
100 1
100 1
100 1
100 1
100 1
100 1
100 1
100 1
100 1
100 1
100 1
100 1
100 1
100 1
100 1
100 1
100 1
100 1
100 1
100 1
100 1
100 1
100 1
100 1
100 1
100 1
100 1
100 1
100 1
100 1
100 1
100 1
100 1
100 1
100 1
100 1
100 1
100 1
100 1
100 1
100 1
100 1
100 1
100 1
100 1
100 1
100 1
100 1
100 1
100 1
100 1
100 1
100 1
100 1
100 1
100 1
100 1
100 1
100 1
100 1
100 1
100 1
100 1
100 1
100 1
100 1
100 1
100 1
100 1
100 1
100 1
100 1
100 1
100 1
100 1
100 1
100 1
100 1
100 1
100 1
100 1
100 1
100 1
100 1
100 1
100 1
100 1
100 1
100 1
100 1
100 1
100 1
100 1
100 1
100 1
100 1
100 1
100 1
100 1
100 1
100 1
100 1
100 1
100 1
100 1
100 1
100 1
100 1
100 1
100 1
100 1
100 1
100 1
100 1
100 1
100 1
100 1
100 1
100 1
100 1
100 1
100 1
100 1
100 1
100 1
100 1
100 1
100 1
100 1
100 1
100 1
100 1
100 1
100 1
100 1
100 1
100 1
100 1
100 1
100 1
100 1
100 1
100 1
100 1
100 1
100 1
100 1
100 1
100 1
100 1
100 1
100 1
100 1
100 1
100 1
100 1
100 1
100 1
100 1
100 1
100 1
100 1
100 1
100 1
100 1
100 1
100 1
100 1
100 1
100 1
100 1
100 1
100 1
100 1
100 1
100 1
100 1
100 1
100 1
100 1
100 1
100 1
100 1
100 1
100 1
100 1
100 1
100 1
100 1
100 1
100 1
100 1
100 1
100 1
100 1
100 1
100 1
100 1
100 1
100 1
100 1
100 1
100 1
100 1
100 1
100 1
100 1
100 1
100 1
100 1
100 1
100 1
100 1
100 1
100 1
100 1
100 1
100 1
100 1
100 1
100 1
100 1
100 1
100 1
100 1
100 1
100 1
100 1
100 1
100 1
100 1
100 1
100 1
100 1
100 1
100 1
100 1
100 1
100 1
100 1
100 1
100 1
100 1
100 1
100 1
100 1
100 1
100 1
100 1
100 1
100 1
100 1
100 1
100 1
100 1
100 1
100 1
100 1
100 1
100 1
100 1
100 1
100 1
100 1
100 1
100 1
100 1
100 1
100 1
100 1
100 1
100 1
100 1
100 1
100 1
100 1
100 1
100 1
100 1
100 1
100 1
100 1
100 1
100 1
100 1
100 1
100 1
100 1
100 1
100 1
100 1
100 1
100 1
100 1
100 1
100 1
100 1
100 1
100 1
100 1
100 1
100 1
100 1
100 1
100 1
100 1
100 1
100 1
100 1
100 1
100 1
100 1
100 1
100 1
100 1
100 1
100 1
100 1
100 1
100 1
100 1
100 1
100 1
100 1
100 1
100 1
100 1
100 1
100 1
100 1
100 1
100 1
100 1
100 1
100 1
100 1
100 1
100 1
100 1
100 1
100 1
100 1
100 1
100 1
100 1
100 1
100 1
100 1
100 1
100 1
100 1
100 1
100 1
100 1
100 1
100 1
100 1
100 1
100 1
100 1
100 1
100 1
100 1
100 1
100 1
100 1
100 1
100 1
100 1
100 1
100 1
100 1
100 1
100 1
100 1
100 1
100 1
100 1
100 1
100 1
100 1
100 1
100 1
100 1
100 1
100 1
100 1
100 1
100 1
100 1
100 1
100 1
100 1
100 1
100 1
100 1
100 1
100 1
100 1
100 1
100 1
100 1
100 1
100 1
100 1
100 1
100 1
100 1
100 1
100 1
100 1
100 1
100 1
100 1
100 1
100 1
100 1
100 1
100 1
100 1
100 1
100 1
100 1
100 1
100 1
100 1
100 1
100 1
100 1
100 1
100 1
100 1
100 1
100 1
100 1
100 1
100 1
100 1
100 1
100 1
100 1
100 1
100 1
100 1
100 1
100 1
100 1
100 1
100 1
100 1
100 1
100 1
100 1
100 1
100 1
100 1
100 1
100 1
100 1
100 1
100 1
100 1
100 1
100 1
100 1
100 1
100 1
100 1
100 1
100 1
100 1
100 1
100 1
100 1
100 1
100 1
100 1
100 1
100 1
100 1
100 1
100 1
100 1
100 1
100 1
100 1
100 1
100 1
100 1
100 1
100 1
100 1
100 1
100 1
100 1
100 1
100 1
100 1
100 1
100 1
100 1
100 1
100 1
100 1
100 1
100 1
100 1
100 1
100 1
100 1
100 1
100 1
100 1
100 1
100 1
100 1
100 1
100 1
100 1
100 1
100 1
100 1
100 1
100 1
100 1
100 1
100 1
100 1
100 1
100 1
100 1
100 1
100 1
100 1
100 1
100 1
100 1
100 1
100 1
100 1
100 1
100 1
100 1
100 1
100 1
100 1
100 1
100 1
100 1
100 1
100 1
100 1
100 1
100 1
100 1
100 1
100 1
100 1
100 1
100 1
100 1
100 1
100 1
100 1
100 1
100 1
100 1
100 1
100 1
100 1
100 1
100 1
100 1
100 1
100 1
100 1
100 1
100 1
100 1
100 1
100 1
100 1
100 1
100 1
100 1
100 1
100 1
100 1
100 1
100 1
100 1
100 1
100 1
100 1
100 1
100 1
100 1
100 1
100 1
100 1
100 1
100 1
100 1
100 1
100 1
100 1
100 1
100 1
100 1
100 1
100 1
100 1
100 1
100 1
100 1
100 1
100 1
100 1
100 1
100 1
100 1
100 1
100 1
100 1
100 1
100 1
100 1
100 1
100 1
100 1
100 1
100 1
100 1
100 1
100 1
100 1
100 1
100 1
100 1
100 1
100 1
100 1
100 1
100 1
100 1
100 1
100 1
100 1
100 1
100 1
100 1
100 1
100 1
100 1
100 1
100 1
100 1
100 1
100 1
100 1
100 1
100 1
100 1
100 1
100 1
100 1
100 1
100 1
100 1
100 1
100 1
100 1
100 1
100 1
100 1
100 1
100 1
100 1
100 1
100 1
100 1
100 1
100 1
100 1
100 1
100 1
100 1
100 1
100 1
100 1
100 1
100 1
100 1
100 1
100 1
100 1
100 1
100 1
100 1
100 1
100 1
100 1
100 1
100 1
100 1
100 1
100 1
100 1
100 1
100 1
100 1
100 1
100 1
100 1
100 1
100 1
100 1
100 1
100 1
100 1
100 1
100 1
100 1
100 1
100 1
100 1
100 1
100 1
100 1
100 1
100 1
100 1
100 1
100 1
100 1
100 1
100 1
100 1
100 1
100 1
100 1
100 1
100 1
100 1
100 1
100 1
100 1
100 1
100 1
100 1
100 1
100 1
100 1
100 1
100 1
100 1
100 1
100 1
100 1
100 1
100 1
100 1
100 1
100 1
100 1
100 1
100 1
100 1
100 1
100 1
100 1
100 1
100 1
100 1
100 1
100 1
100 1
100 1
100 1
100 1
100 1
100 1
100 1
100 1
100 1
100 1
100 1
100 1
100 1
100 1
100 1
100 1
100 1
100 1
100 1
100 1
100 1
100 1
100 1
100 1
100 1
100 1
100 1
100 1
100 1
100 1
100 1
100 1
100 1
100 1
100 1
100 1
100 1
100 1
100 1
100 1
100 1
100 1
100 1
100 1
100 1
100 1
100 1
100 1
100 1
100 1
100 1
100 1
100 1
100 1
100 1
100 1
100 1
100 1
100 1
100 1
100 1
100 1
100 1
100 1
100 1
100 1
100 1
100 1
100 1
100 1
100 1
100 1
100 1
100 1
100 1
100 1
100 1
100 1
100 1
100 1
100 1
100 1
100 1
100 1
100 1
100 1
100 1
100 1
100 1
100 1
100 1
100 1
100 1
100 1
100 1
100 1
100 1
100 1
100 1
100 1
100 1
100 1
100 1
100 1
100 1
100 1
100 1
100 1
100 1
100 1
100 1
100 1
100 1
100 1
100 1
100 1
100 1
100 1
100 1
100 1
100 1
100 1
100 1
100 1
100 1
100 1
100 1
100 1
100 1
100 1
100 1
100 1
563 760 2538
563 1780 7448
1780 297 73
817 297 4912
817 1260 1042
855 1260 9814
468 855 5776
1723 468 4109
1723 1376 1877
1628 1376 5720
1628 307 6447
307 849 975
849 609 138
609 70 4532
865 70 7335
865 1021 1607
1567 1021 1276
688 1567 7815
688 680 6107
1371 680 6986
34 1371 7799
1711 34 8862
1711 835 21
835 154 3824
154 466 9232
1802 466 398
1410 1802 2495
1088 1410 5896
272 1088 3610
272 556 6764
1364 556 4635
1068 1364 9235
1068 1597 1170
1597 1445 7669
1445 1243 2764
1243 202 7188
1709 202 6356
1709 626 712
702 626 1978
702 572 2118
1288 572 4612
1288 592 551
1729 592 5266
845 1729 9270
1463 845 9814
899 1463 8554
1010 899 788
1010 1016 501
1595 1016 1574
1595 1206 2924
1278 1206 1955
1122 1278 5272
1565 1122 4081
1565 909 9308
909 1553 1832
310 1553 3639
310 1520 521
1520 1508 9116
1508 1038 9711
1356 1038 9905
672 1356 3509
1386 672 2790
1236 1386 937
1236 599 9958
599 1440 9839
387 1440 9074
1099 387 8904
1099 1464 8028
662 1464 9732
662 389 3713
389 840 8614
981 840 75
981 22 8088
22 530 4150
1124 530 5791
1598 1124 7041
1598 593 223
474 593 7479
215 474 6930
1937 215 6431
1937 214 1941
1094 214 9504
1868 1094 3844
1868 114 5449
114 554 1767
212 554 8112
673 212 3596
1636 673 1850
1636 866 3672
1707 866 4363
1707 624 5080
624 1201 4189
598 1201 6877
767 598 5750
767 1422 535
1422 819 9173
290 819 9089
290 101 9950
101 115 8622
802 115 9031
1894 802 2801
753 1894 1809
753 1160 2435
590 1160 2587
2000 590 7793
1299 2000 5283
1518 1299 1396
1008 1518 3599
1008 1983 1782
1983 1054 3083
440 1054 225
1399 440 1715
1399 192 1114
192 1156 4036
1156 635 94
813 635 1774
1050 813 7915
51 1050 1996
51 176 3026
176 1661 2951
1790 1661 7900
1790 1704 3096
1366 1704 7403
1366 1200 6253
1200 897 8482
897 1854 78
1854 659 6087
1647 659 9088
930 1647 3080
282 930 7737
282 210 3964
210 40 5413
1885 40 3580
564 1885 5449
789 564 9346
1323 789 2342
1323 734 8368
391 734 6336
1599 391 6307
1858 1599 4640
1858 1237 4681
1237 1949 2454
1949 1840 1522
1840 354 2291
444 354 1444
12 444 9382
12 832 8177
832 528 3190
528 243 8732
980 243 4063
980 1884 8681
1884 1428 6128
1570 1428 501
1570 622 8661
622 1270 1862
1270 1914 9984
1940 1914 5012
1940 1113 3821
1500 1113 2169
1500 1496 1061
478 1496 2356
335 478 7956
1564 335 5060
1725 1564 1543
149 1725 6467
469 149 7624
494 469 6097
1030 494 1181
1030 620 2531
620 167 6077
1393 167 3900
264 1393 2244
264 346 3802
346 325 137
784 325 5284
784 390 4942
1510 390 8899
1153 1510 2025
732 1153 9182
1408 732 3953
1408 347 9578
678 347 8266
1225 678 5505
1552 1225 5876
1552 152 5155
1429 152 2480
1429 727 27
727 1031 2886
1031 254 9540
576 254 6947
576 186 8667
186 1849 8374
1849 1847 1078
1836 1847 5277
1572 1836 1189
1572 544 2636
544 871 2248
1072 871 3246
1072 1943 5826
1943 535 4558
535 1977 7692
1977 892 6888
1571 892 3933
557 1571 9340
557 417 4873
1686 417 451
757 1686 7895
261 757 5605
261 1758 3063
1902 1758 2058
1902 405 5043
1320 405 3007
1320 513 1126
513 1637 4940
516 1637 4827
1901 516 5843
1834 1901 1927
1845 1834 7900
873 1845 7081
1666 873 6079
735 1666 449
1761 735 1969
1761 437 4623
196 437 6850
196 1681 4253
1080 1681 758
1080 716 5248
716 518 7524
1083 518 7019
1083 1874 843
1580 1874 8052
1580 221 4315
221 1488 9339
1488 630 4771
630 1438 7016
1438 267 8007
267 1401 2772
1911 1401 7940
1911 851 1051
1423 851 3831
1423 1098 2673
907 1098 5962
907 1102 2387
1102 499 7377
499 1221 3199
1221 1212 3573
87 1212 1590
87 283 6062
1006 283 32
1795 1006 9110
1931 1795 9057
1931 343 7067
1274 343 811
1274 891 1621
941 891 5460
542 941 7002
1231 542 8809
887 1231 9070
887 1081 9284
1081 1660 6959
1660 1019 7098
107 1019 5328
107 1220 375
253 1220 5907
1963 253 9342
1787 1963 4877
1675 1787 7372
441 1675 1173
831 441 461
831 681 9693
681 686 1137
647 686 5556
647 1664 7312
1673 1664 9370
147 1673 379
147 1303 7702
1303 134 7541
1756 134 1733
1186 1756 7122
966 1186 180
966 983 6766
983 1621 6688
1904 1621 3905
371 1904 9739
1909 371 4546
141 1909 1186
141 769 218
122 769 188
122 805 2523
805 1970 8502
404 1970 3424
404 1140 9773
1140 1889 8583
1889 408 5228
1342 408 5084
1342 1363 1175
1084 1363 8727
1313 1084 5974
1313 586 1145
586 962 918
962 758 51
49 758 4716
49 1727 2616
606 1727 332
606 1446 2948
1446 241 3225
155 241 8412
1154 155 9310
1494 1154 1208
1494 1335 8908
1335 1158 6367
1233 1158 2693
1233 1180 5809
1305 1180 7592
1305 657 427
657 539 1598
1179 539 9191
1179 1694 5093
173 1694 1554
173 1291 4154
1291 222 9554
222 428 957
428 523 6951
523 1667 1183
384 1667 5024
279 384 5455
21 279 5314
21 934 2805
934 1791 3829
1791 850 447
850 621 5328
621 1852 2939
943 1852 2806
1573 943 8403
1573 1793 3568
1793 484 1327
918 484 1933
1339 918 5928
1130 1339 5655
447 1130 73
447 548 7640
548 344 2667
1645 344 7885
1645 207 17
207 276 9994
276 1992 9633
1992 636 1038
636 336 6532
1025 336 1433
95 1025 4159
95 6 1275
6 1075 7491
1075 1174 7678
397 1174 258
1765 397 2758
882 1765 8324
577 882 8056
37 577 1769
720 37 7817
537 720 2639
537 1341 8440
1965 1341 7062
820 1965 527
1256 820 3778
900 1256 8070
900 219 4225
1087 219 6761
1087 381 5326
381 1093 236
1093 546 1189
571 546 8731
571 23 2552
1537 23 2198
1537 242 2497
242 331 9389
331 569 2185
1024 569 3000
822 1024 9768
1000 822 75
1000 995 2046
995 142 1576
541 142 5585
541 1804 9269
595 1804 712
1296 595 1055
721 1296 8312
721 1216 127
1216 1110 876
1110 1345 2924
1345 843 6315
1107 843 2961
1045 1107 1669
1634 1045 1665
1634 925 5437
1269 925 6504
43 1269 4669
990 43 1572
990 1974 7575
1285 1974 276
771 1285 3800
199 771 208
1724 199 9106
1724 924 6809
1109 924 154
1109 1853 5553
1602 1853 8734
797 1602 9438
797 414 75
779 414 4891
779 1290 1343
1290 999 9952
999 1695 9258
1562 1695 772
1454 1562 4650
1454 1907 112
1907 382 7943
382 1209 229
1209 341 3404
341 320 1953
568 320 3208
568 1728 6798
1728 1771 3156
1771 29 3035
29 1991 3429
919 1991 4527
919 713 7108
713 879 1099
879 1063 9388
1028 1063 5423
1028 1191 1923
1191 796 4112
1823 796 765
1823 1082 5049
35 1082 6158
790 35 6511
790 1850 9903
1850 1056 3065
1056 888 8099
1869 888 5744
1869 1656 953
1656 65 2116
65 324 3012
324 315 9471
315 208 5674
208 798 2094
862 798 1322
862 521 3692
521 1108 1394
1108 1415 6593
1415 1449 208
1449 1304 7516
738 1304 3303
1534 738 4925
175 1534 1668
175 781 8406
781 1280 6145
289 1280 3362
289 826 4457
826 1009 6838
1009 959 9165
1071 959 8119
1976 1071 2663
1976 246 3581
246 1239 2158
1239 411 9879
1032 411 7977
1032 1968 2543
1968 349 7975
146 349 8175
146 1690 8158
642 1690 6868
908 642 1235
806 908 1969
806 507 3658
1738 507 3815
993 1738 5181
318 993 6692
318 394 3650
394 1327 1818
1505 1327 2424
1190 1505 690
1190 14 9779
14 665 2480
665 151 9993
151 1476 4473
372 1476 3147
775 372 5826
1512 775 4424
130 1512 1962
130 1813 3486
1062 1813 1563
1994 1062 7778
607 1994 9005
1589 607 8802
520 1589 1452
520 1121 298
956 1121 667
497 956 1044
684 497 5992
684 1486 1395
1486 1882 706
1576 1882 8401
143 1576 7752
143 103 5415
1129 103 900
1129 293 1934
308 293 4553
308 731 5284
1078 731 7641
614 1078 3297
776 614 7145
1587 776 4314
1587 1184 3912
1184 933 6789
646 933 590
646 1818 1262
1651 1818 7922
1651 217 2506
1760 217 1199
1760 1954 8186
1954 1851 9432
1851 910 9346
910 603 5033
603 1538 6458
1538 679 9344
679 363 197
248 363 5803
248 1578 5585
816 1578 4227
1218 816 2686
63 1218 1562
63 531 9106
531 47 6866
47 1701 9164
613 1701 2494
1862 613 2679
1862 1168 8973
1579 1168 1186
1879 1579 4099
270 1879 7102
64 270 3322
64 511 6615
511 1934 8714
575 1934 5654
93 575 9572
1917 93 6758
616 1917 7509
616 1608 8710
1608 697 2441
764 697 2735
764 94 1278
1103 94 2039
1103 594 4027
861 594 805
211 861 7856
247 211 1750
1741 247 8479
745 1741 3086
1412 745 6636
1412 1603 339
1603 1768 2066
1768 1257 2151
1257 961 342
961 1230 2596
1230 1772 9247
872 1772 7165
872 504 502
504 1248 4754
1248 1338 9866
1999 1338 8372
1999 1261 1255
1261 799 906
1127 799 9576
73 1127 2500
804 73 9179
804 701 1422
701 1169 6293
427 1169 7127
427 8 2517
1617 8 7554
1617 1441 6045
1441 726 1516
726 923 6430
923 677 1440
749 677 387
749 1767 7480
638 1767 9793
638 129 2116
1611 129 2141
1026 1611 95
1348 1026 2030
1958 1348 7728
1958 643 997
661 643 2303
661 1029 7035
1029 1623 809
997 1623 1290
997 1279 2742
675 1279 5870
675 485 8056
485 4 6413
4 1998 1303
1998 623 6740
623 1203 587
1973 1203 7556
1973 252 1769
252 1757 350
1757 490 8513
490 1043 7387
1043 935 6183
1620 935 5743
752 1620 9393
752 1987 366
1987 1134 7377
1134 1754 8943
1754 715 8228
1379 715 1232
479 1379 905
479 1219 1450
1219 524 1334
524 877 2439
877 901 3000
901 301 9218
733 301 7305
1612 733 2526
1612 236 9623
1336 236 8265
434 1336 770
434 353 5585
353 145 9846
145 486 3544
1223 486 2618
198 1223 2293
477 198 9704
883 477 3819
883 1779 878
1779 197 7565
197 1548 4388
1548 534 7650
321 534 9136
321 729 1478
729 135 8598
1736 135 2001
1736 178 2212
178 24 6188
24 1424 2460
1424 707 6417
707 1375 5091
1375 1688 3970
1688 1477 3466
1477 361 7054
361 1710 3403
1710 383 639
383 1473 1655
1626 1473 9046
1626 1208 5005
1208 1434 3467
312 1434 4205
1655 312 3200
1655 674 8654
674 878 8342
878 1696 4349
1841 1696 4851
1841 902 6551
856 902 338
376 856 8617
376 265 442
265 1002 2901
489 1002 3524
489 446 2871
446 1014 7351
1014 1163 7417
1163 1993 4646
1560 1993 2661
1560 1733 8653
671 1733 4841
1517 671 2376
1517 522 5295
522 1004 1141
1004 857 3869
857 1369 4090
1369 126 1163
471 126 5514
471 3 2099
3 89 3316
89 1165 9534
1165 972 1516
972 1456 380
1801 1456 2559
26 1801 5300
26 920 8465
920 573 1485
165 573 6617
165 268 203
1814 268 1967
1814 1966 5423
1966 1945 8692
1027 1945 5000
1027 1378 2643
1378 597 9695
597 1286 5735
1286 1903 9954
1903 965 2110
965 1135 1102
1135 1132 2748
1764 1132 3042
1764 1824 7747
449 1824 8034
1944 449 2481
1944 863 3561
179 863 6250
1533 179 2787
1533 951 6231
951 1563 9146
1126 1563 8287
1536 1126 3119
1536 195 1734
712 195 4796
1 712 7476
330 1 6599
83 330 2151
1443 83 233
1485 1443 5995
1176 1485 2671
317 1176 6616
317 864 7745
864 1910 8989
1910 1649 7346
718 1649 2956
1986 718 2200
1187 1986 1141
1060 1187 9612
1060 824 8120
1786 824 8147
1786 1114 3734
1663 1114 4318
605 1663 1863
634 605 799
1282 634 2177
1282 1642 622
1642 1630 5367
109 1630 251
109 858 5728
240 858 916
240 1750 3114
1750 1867 3417
1867 284 1518
284 1788 1310
591 1788 2470
438 591 913
1739 438 1388
1806 1739 3212
426 1806 5445
1613 426 1021
1613 1023 6878
1368 1023 4773
1245 1368 3701
1672 1245 3694
1672 203 8091
869 203 2353
869 596 9577
281 596 1638
1566 281 1969
1210 1566 156
1133 1210 982
1133 649 7420
724 649 7647
396 724 9274
396 1309 615
364 1309 7835
259 364 1225
259 462 7821
462 885 9050
885 359 3043
1147 359 5479
1147 1897 3712
1897 292 2145
292 1939 9127
96 1939 9430
419 96 6832
1679 419 6786
1679 1040 3277
1040 1035 4102
583 1035 8925
1662 583 4791
1662 1531 7761
1531 1714 1354
837 1714 5662
670 837 8543
670 1400 1154
1436 1400 3371
1436 1827 1322
1827 1337 3083
1455 1337 9428
969 1455 310
1543 969 7984
543 1543 5474
1450 543 3052
1450 182 121
225 182 96
960 225 9549
960 41 5207
41 11 5018
589 11 1232
1171 589 699
1275 1171 467
1516 1275 2256
730 1516 248
228 730 8814
751 228 2276
751 938 5399
938 1800 1765
1800 932 6796
1721 932 8129
1721 190 5617
1287 190 7754
373 1287 6160
373 1388 6932
1388 1105 4976
526 1105 666
526 79 3734
451 79 1310
1258 451 7004
1258 1864 7056
1864 914 2690
914 1385 6992
1385 664 7731
664 566 7831
1964 566 4666
1964 1263 5011
992 1263 6580
992 1435 4530
67 1435 2824
1001 67 4818
1863 1001 2836
137 1863 1605
185 137 5561
185 1123 1898
1042 1123 1962
1302 1042 1514
1302 298 4992
1228 298 8017
1228 1886 6418
303 1886 1806
303 1112 8227
1034 1112 8092
256 1034 6781
256 509 5633
509 1413 1901
926 1413 8631
926 156 7982
156 998 425
422 998 5483
170 422 33
170 239 319
984 239 432
984 287 5695
1226 287 4909
1226 223 3883
223 1332 3585
1332 931 2480
1895 931 1346
442 1895 3297
442 7 6703
7 1794 8216
1794 1746 491
1746 465 3111
465 443 5006
110 443 5268
1979 110 1401
1826 1979 5813
1439 1826 3816
996 1439 8935
996 791 2348
1207 791 5862
1955 1207 6266
56 1955 424
56 1865 9406
61 1865 2058
61 386 4884
386 25 7984
25 305 2104
305 153 1462
978 153 1964
978 803 3613
803 1166 1274
1346 1166 8259
231 1346 8715
231 1996 8545
1996 692 136
119 692 5867
1444 119 2751
1444 1421 6451
377 1421 6488
377 565 1231
1734 565 8823
1734 76 9885
1731 76 1365
157 1731 9588
1639 157 9419
1586 1639 3372
987 1586 8350
1700 987 2481
1700 1784 5377
45 1784 2516
45 1844 423
1390 1844 723
1703 1390 841
226 1703 4650
226 60 4695
60 1687 5065
1825 1687 5906
1139 1825 6759
1139 979 7449
1837 979 7352
1837 699 4226
1459 699 4332
1459 1111 8140
1167 1111 2152
860 1167 8322
1762 860 1304
1762 1247 483
1247 1052 565
277 1052 6447
904 277 3267
1254 904 1253
1254 111 1119
111 889 5019
889 1716 8375
1716 627 8493
1774 627 5162
1774 1745 9210
209 1745 8738
133 209 4043
1712 133 5951
470 1712 8038
762 470 6758
1893 762 8242
1893 163 1609
875 163 7611
682 875 249
682 1856 2968
144 1856 265
915 144 3787
1588 915 1429
1887 1588 3913
1887 464 9506
750 464 1467
881 750 7464
881 136 4580
136 1442 4174
1521 1442 3748
1521 1658 421
1295 1658 5676
1295 1273 5079
1273 1936 2179
1936 1898 465
1475 1898 7305
1475 1241 3919
1241 475 5802
1466 475 5079
1466 491 6549
1224 491 1881
1770 1224 6829
1770 1398 9381
1398 1458 3391
1458 1618 2125
691 1618 1717
1653 691 765
461 1653 8187
461 370 8280
370 273 9505
1183 273 5717
1183 1878 4080
1878 48 1274
48 91 8928
91 982 7111
1582 982 8824
551 1582 2630
551 1528 2632
498 1528 1985
1585 498 3700
1585 559 1189
559 1277 1409
1549 1277 3190
1706 1549 3526
1266 1706 9060
1266 1554 6603
1554 1513 4732
1513 1961 8228
1880 1961 3137
611 1880 6996
97 611 540
97 601 3820
1289 601 9874
1298 1289 6643
1367 1298 9701
1367 1593 2154
1384 1593 526
1384 579 3792
1194 579 2793
1357 1194 1796
275 1357 1345
275 159 5833
159 947 398
1875 947 7039
1875 250 5324
250 1161 879
1161 1539 9774
1049 1539 4199
1049 496 7811
496 696 1975
1417 696 2184
1417 644 9451
644 1783 2606
1590 1783 1338
1590 1354 6061
1170 1354 990
304 1170 4073
1650 304 4453
1380 1650 836
1380 1106 8455
271 1106 9732
13 271 1881
13 1420 6150
1420 1196 7746
1732 1196 1187
1227 1732 3868
1227 425 482
740 425 2477
740 1137 8751
1492 1137 9719
1205 1492 4715
1205 1418 1452
1418 1041 7795
260 1041 2294
260 1234 5557
1234 1426 4469
1426 1053 3264
1053 1632 5578
1632 1065 6235
1065 54 7365
54 538 2522
538 80 2906
350 80 9804
350 1262 4937
1866 1262 2520
1866 648 1646
648 296 1865
296 455 5878
1312 455 5304
1312 1284 9619
527 1284 1001
1070 527 6033
1070 1433 4440
108 1433 9050
108 181 5222
1148 181 3847
1148 1047 5950
1881 1047 105
1881 1374 589
1374 483 8423
483 42 6322
42 1188 5800
1188 44 4785
44 552 387
368 552 1006
1759 368 965
81 1759 537
1569 81 5379
1569 193 2325
193 1036 2577
1036 584 7997
584 306 7570
160 306 7849
160 398 752
398 1924 1901
1924 1198 4111
825 1198 3107
756 825 2365
756 69 8747
834 69 7916
834 1452 1551
1452 1594 9604
929 1594 7228
1195 929 5395
1351 1195 8222
1351 431 3478
1173 431 6379
1173 463 6796
216 463 3442
66 216 3336
1498 66 8037
1691 1498 9368
50 1691 9141
928 50 261
1039 928 7646
1659 1039 6522
1013 1659 7971
1013 1482 7543
1785 1482 1066
1785 632 6856
632 801 587
562 801 7810
1297 562 1877
807 1297 4910
299 807 8498
896 299 3386
896 1957 7452
1835 1957 75
1835 1177 8464
420 1177 7143
420 1550 2306
1550 71 4915
71 631 769
1646 631 5528
1646 1185 6204
1185 174 123
1479 174 7349
90 1479 2061
793 90 165
1905 793 416
1905 15 9328
15 105 2396
685 105 9994
650 685 3840
514 650 1194
53 514 4941
53 580 8783
580 1365 8623
1365 811 9297
811 375 8573
375 1810 9257
1810 968 676
968 958 8050
719 958 8063
719 1742 9377
1742 1843 8634
1843 360 5556
360 913 3366
913 251 3512
1748 251 9551
1680 1748 765
183 1680 6013
183 1387 8989
1719 1387 1064
1317 1719 6219
1830 1317 7663
1830 1584 8233
1584 1238 1883
1238 453 7245
600 453 2543
106 600 3508
106 550 1075
550 1487 119
1481 1487 5266
1541 1481 1709
313 1541 9520
1349 313 8385
1326 1349 2528
1326 1018 69
1178 1018 3540
1178 1766 4744
1766 495 2518
495 800 3604
800 1990 9463
1713 1990 5563
1713 1324 9271
723 1324 7315
723 229 8836
229 917 6495
658 917 1334
1301 658 6289
974 1301 2874
974 480 1340
1416 480 2622
169 1416 3327
169 1086 9709
1086 1919 8623
1930 1919 4362
1969 1930 3
1969 725 4258
725 102 4182
1684 102 749
1453 1684 1416
1453 1460 5366
1497 1460 1478
1497 1092 3547
1092 1544 348
194 1544 9399
194 515 4696
1192 515 398
164 1192 9761
1012 164 5577
1059 1012 4920
1059 1669 8691
1669 1525 6221
1525 1685 9458
1685 1377 357
1377 230 986
230 828 1658
329 828 1999
1720 329 9636
1720 5 9849
5 481 1143
1250 481 3997
1250 1503 5133
1951 1503 1466
1951 574 1765
574 1749 5040
1749 714 4012
714 291 8664
291 1908 6283
1908 1842 6144
1522 1842 6352
1522 669 7190
911 669 818
123 911 5191
1391 123 7152
512 1391 2456
1331 512 8393
1941 1331 1157
1457 1941 8801
1457 1077 5704
1310 1077 9730
640 1310 7116
55 640 6817
55 10 18
10 808 2835
808 1596 516
1199 1596 3280
1959 1199 6376
1959 1641 295
967 1641 984
967 1232 2450
1232 553 9552
553 755 5979
778 755 6023
778 72 3470
1432 72 8961
1592 1432 9905
1592 1523 404
759 1523 7570
759 457 1689
457 717 3760
625 717 3894
1242 625 28
1242 1971 5994
1971 742 6721
1932 742 8840
1932 1118 5570
435 1118 3592
435 1981 243
1981 1524 3322
1524 1927 4683
1927 1838 5821
1838 890 8233
32 890 1391
32 1293 3812
957 1293 1349
954 957 5559
345 954 4413
429 345 1565
39 429 7762
1292 39 888
1782 1292 2272
177 1782 8793
994 177 3001
994 493 8923
493 783 5672
783 1383 1297
1383 309 2371
309 1811 5890
1811 492 4454
1604 492 865
1891 1604 8174
898 1891 2738
1755 898 6403
1755 235 633
1601 235 2137
342 1601 3285
342 1005 984
1005 171 478
16 171 4939
585 16 6683
585 1822 807
1526 1822 5479
1702 1526 6205
1702 1222 9908
125 1222 6321
322 125 2896
322 1314 2843
1314 880 2888
880 561 1006
316 561 3290
1229 316 8311
1229 1988 1327
1988 615 8728
570 615 7833
1011 570 838
1403 1011 649
1640 1403 3280
1640 1781 9941
340 1781 8113
340 266 2552
1142 266 6072
112 1142 9082
112 288 4773
1307 288 4369
1307 1751 23
1751 245 4440
245 1350 6980
1350 906 3823
906 1067 9912
424 1067 307
703 424 8098
703 736 2111
46 736 6603
46 547 7939
547 1149 3160
1162 1149 245
1162 456 7906
456 1172 7445
269 1172 9348
1631 269 4166
1044 1631 9301
1193 1044 1225
379 1193 7575
379 1609 4811
1614 1609 4063
815 1614 6195
815 1726 2854
395 1726 3749
395 62 5567
1860 62 1578
1773 1860 7914
1773 218 3571
1877 218 3912
1877 339 1020
339 1101 6224
1692 1101 1726
1692 1281 3650
1281 1419 9639
1419 1717 8266
1157 1717 9725
970 1157 3063
970 1329 1569
1329 1989 5516
1989 1046 9009
1414 1046 8390
1414 853 7969
853 1402 7679
1402 842 1115
608 842 8531
608 1136 1684
1832 1136 3793
1832 1918 657
1918 1532 1924
302 1532 3449
302 1606 1491
1606 1855 925
1511 1855 1142
660 1511 8582
660 1542 5226
1542 1568 4429
1876 1568 2870
1876 487 305
487 1048 959
1048 1872 1780
1872 1472 1321
1472 1820 9095
1095 1820 9183
1095 1575 8727
963 1575 868
700 963 2504
1997 700 123
690 1997 6001
690 128 5956
58 128 9928
58 1995 4329
1995 1535 4544
1535 1962 4696
1962 1189 2320
1189 1605 6065
121 1605 774
121 351 9730
140 351 8988
852 140 5489
460 852 8937
460 1202 2346
1202 1967 7195
1967 407 6842
823 407 1171
1321 823 9211
1722 1321 6082
450 1722 2208
1055 450 2515
847 1055 1908
532 847 1064
532 1347 4510
1347 294 858
1547 294 5256
1846 1547 7643
1807 1846 5616
1807 1343 2910
421 1343 3342
249 421 8458
300 249 7527
1519 300 2347
774 1519 6034
774 683 9129
1792 683 6985
1792 846 6733
846 1912 434
1912 1051 4129
1051 668 6542
761 668 1095
1425 761 8353
1259 1425 9117
1259 1730 2900
311 1730 7503
311 1913 5960
1913 1240 3309
1330 1240 9564
1330 1073 2367
1073 1283 8368
1283 1559 3399
1559 1151 2746
1151 1483 4214
488 1483 5785
488 773 2417
773 334 9449
1085 334 869
1125 1085 6295
1125 400 6313
839 400 2181
295 839 963
1215 295 4655
413 1215 6541
502 413 1839
754 502 3769
1057 754 8814
1057 1938 4835
1938 1155 7852
92 1155 7206
92 1509 1363
378 1509 146
378 988 951
988 476 333
1848 476 8704
1848 859 2679
1677 859 2570
374 1677 1234
374 184 1772
1928 184 9025
204 1928 9209
986 204 3248
986 786 5092
833 786 1621
1514 833 3863
1514 1689 2118
332 1689 5686
332 549 9308
549 1797 5807
1797 633 8262
1775 633 5860
1775 27 9440
1556 27 6381
1556 1361 420
812 1361 9239
940 812 2178
940 666 802
132 666 7197
1491 132 1738
1491 401 6326
401 841 2147
1150 841 6749
1150 1211 2395
467 1211 741
467 1373 4746
1373 876 3128
876 921 397
921 1888 3898
1352 1888 196
338 1352 3090
338 704 6872
1980 704 7959
1980 82 1713
1217 82 6167
886 1217 9479
886 1873 989
1581 1873 1736
1581 1698 6900
1698 1404 7481
1404 162 5831
1693 162 7232
505 1693 331
348 505 7298
708 348 6672
708 2 9336
2 1648 5203
1648 86 2375
1325 86 1640
1325 1020 8544
1020 1306 7638
927 1306 5861
927 525 6499
1743 525 8701
1743 1763 6993
482 1763 2058
482 1358 969
1676 1358 7001
1128 1676 2200
1789 1128 2202
1545 1789 8919
1545 1315 7857
1315 436 7952
1715 436 5803
1715 663 1805
663 893 6629
1530 893 1554
1530 1922 778
973 1922 4286
59 973 619
59 1638 1151
1638 1465 2356
1465 1076 1396
1076 1499 989
1499 454 3526
848 454 7566
748 848 2345
1506 748 1318
1471 1506 8383
1471 916 6798
916 1831 351
1529 1831 41
205 1529 2020
1181 205 319
1181 787 1864
257 787 8266
333 257 3187
333 818 2497
818 676 8431
676 517 3171
746 517 4958
189 746 6502
189 1033 4733
1975 1033 1249
1334 1975 1546
1334 458 5654
458 1015 6949
1015 1340 4356
1809 1340 7299
1809 836 1852
836 166 4521
1652 166 6690
1652 1131 3847
1671 1131 8951
1671 737 2866
780 737 725
780 18 7910
1316 18 4474
1467 1316 1644
1467 278 680
1555 278 1113
1953 1555 5020
244 1953 7351
244 1468 6654
1468 200 8120
366 200 6168
1920 366 855
1064 1920 9675
629 1064 5266
1899 629 7774
1819 1899 9877
870 1819 7865
870 912 6888
1405 912 2065
728 1405 1949
728 1668 6916
1668 1752 3218
1213 1752 5432
1213 1803 7854
1803 948 9982
765 948 6601
1960 765 6413
1960 409 12
1322 409 9740
1925 1322 2044
1925 1900 5680
220 1900 2417
220 1972 6472
1896 1972 7164
1896 1942 4980
1942 711 600
655 711 461
1214 655 3695
945 1214 7009
945 1654 8064
1654 1815 8894
1815 1616 96
1616 1204 849
1204 459 9984
459 1619 8143
433 1619 5709
433 1100 4500
1272 1100 1213
1272 285 1001
1381 285 2632
1381 953 1276
1145 953 325
1145 1674 3323
1574 1674 6999
1574 939 7760
939 949 5368
369 949 6676
369 1828 1813
1828 1089 93
1089 1682 8233
1682 1300 410
1300 1370 1950
1370 1159 8417
410 1159 8609
410 1478 1878
1478 365 4118
950 365 9663
950 792 4397
1923 792 1781
1923 118 51
118 656 8046
1777 656 8763
1360 1777 5353
1600 1360 2958
821 1600 9881
641 821 9377
641 255 806
255 104 8919
104 52 6736
1448 52 1958
1448 388 9957
388 1244 4910
588 1244 5669
588 905 7703
567 905 2549
567 314 6698
314 1353 8881
946 1353 9491
1344 946 1221
1344 124 8901
788 124 3837
617 788 271
617 1915 4027
1921 1915 6158
1921 430 1113
705 430 1923
705 1143 1439
1143 1985 2454
1985 1146 2712
1629 1146 7371
380 1629 9377
1480 380 484
1480 99 8097
323 99 4871
263 323 3775
1861 263 6402
1861 651 7936
187 651 1084
645 187 7344
506 645 2909
506 150 3859
610 150 9712
610 1268 7420
1489 1268 8360
1622 1489 2094
1622 602 3842
473 602 1986
473 922 6346
922 1926 1416
1926 903 8304
1708 903 9553
1708 529 7451
529 38 3275
1624 38 8062
213 1624 1230
213 1447 8107
1540 1447 6872
1540 952 5382
952 131 8804
698 131 9468
698 612 7473
612 1411 9171
1699 1411 7135
1753 1699 8914
1753 280 2444
1091 280 8197
1643 1091 8289
1359 1643 8202
1359 20 6071
20 1769 8000
1615 1769 2126
560 1615 4849
560 1906 7166
78 1906 6764
78 1395 2463
1561 1395 4008
1561 1644 2087
1007 1644 2118
709 1007 2018
709 258 2519
258 1474 7143
1355 1474 9038
1355 501 3992
402 501 6198
402 206 7658
206 578 5463
689 578 9046
689 991 389
991 829 9646
1362 829 2234
1362 558 6772
1235 558 4374
238 1235 5368
238 884 1364
503 884 5329
1451 503 5646
1451 1437 1055
1461 1437 8627
1461 854 3870
854 1311 6984
1311 741 8956
741 628 6637
628 1164 3134
1164 113 7218
113 74 1568
74 77 3481
1551 77 6077
1935 1551 957
1935 770 798
172 770 9524
172 1251 38
1251 1816 3713
1816 582 381
582 827 5309
510 827 4938
510 1747 7495
1747 1392 1543
1798 1392 9945
1798 227 880
227 1074 9213
1074 1182 2540
739 1182 8272
161 739 6224
161 452 7238
1493 452 9744
262 1493 6366
262 1253 2311
1253 1372 1831
1372 1119 9208
1397 1119 7971
1397 1394 4646
1394 1470 8827
1470 508 2113
508 1066 2659
1066 1984 1970
1657 1984 7184
1657 1037 2826
1670 1037 9383
785 1670 1798
358 785 4695
358 687 1461
687 545 6666
976 545 8124
618 976 2040
392 618 5674
536 392 1581
1683 536 4712
1683 201 1772
201 1892 9715
1892 1079 2596
1079 362 2062
362 693 1634
1718 693 2273
432 1718 8439
1507 432 4422
1507 744 1739
1796 744 7558
36 1796 8513
1929 36 1119
1929 472 3309
1859 472 4105
1859 1546 1652
1557 1546 5593
399 1557 2355
399 1558 5749
639 1558 5347
639 1890 1082
1890 1406 9995
1152 1406 5850
1152 88 4838
88 1737 3386
1737 1817 2631
1583 1817 1995
1308 1583 3306
1308 1096 1974
1096 233 5997
233 838 2878
1665 838 1471
188 1665 6481
188 328 6919
328 357 9503
357 355 5352
355 1947 462
1947 1678 6628
1678 1328 6413
1328 1017 4063
1017 326 5016
117 326 5173
117 1265 3852
385 1265 222
385 1501 107
1504 1501 8464
1504 975 3793
706 975 3174
706 743 840
1870 743 5345
1870 352 2617
352 722 4828
722 158 4836
1610 158 52
1610 604 9170
604 116 2135
116 936 4377
423 936 252
85 423 5632
85 1515 7284
1267 1515 3668
1950 1267 7695
695 1950 8234
1197 695 9442
1246 1197 2565
1527 1246 6135
809 1527 7386
809 1956 2070
1956 180 5875
180 1933 1251
439 1933 1681
439 139 2856
139 1058 8037
1839 1058 6756
519 1839 1120
519 844 292
445 844 2314
445 418 369
1138 418 5472
1138 1104 730
1104 1577 2594
1577 555 7491
1175 555 156
1271 1175 3150
1271 830 1218
120 830 8138
120 1490 4929
1735 1490 8873
232 1735 5764
232 1705 2198
1705 637 7525
637 98 1126
98 448 8900
448 57 94
57 1061 7133
1061 1833 9110
1833 747 3365
1607 747 1773
1607 406 6229
406 581 7453
1409 581 4474
1871 1409 7248
1871 1857 3948
1946 1857 3378
1069 1946 4365
942 1069 3785
942 1502 4405
1502 28 6675
138 28 3324
138 17 175
1952 17 7191
810 1952 6127
1003 810 519
1003 9 3803
9 894 9422
894 1115 442
148 1115 9059
955 148 3117
772 955 4424
416 772 7340
100 416 6618
587 100 1189
1319 587 6440
237 1319 2674
237 1255 1448
1255 1396 8075
1396 367 3047
367 989 4939
874 989 1199
874 393 9799
234 393 2510
234 1117 5357
1117 1333 6053
1333 1744 1673
1744 667 4398
667 619 574
977 619 6801
977 937 5475
1141 937 664
1264 1141 5403
794 1264 3409
814 794 954
1090 814 6149
1808 1090 6485
1808 652 6823
652 68 8441
68 1249 2319
1120 1249 8750
1120 1431 3575
944 1431 5773
33 944 9797
33 127 7904
1022 127 2395
1022 319 4634
319 356 4763
710 356 1687
710 768 5311
540 768 7364
540 500 1368
1116 500 546
1116 868 2005
1821 868 9799
1821 1799 9095
1252 1799 486
766 1252 1251
766 327 7968
327 30 8903
30 964 3003
1294 964 3456
1294 1407 6354
1407 763 3243
763 1318 1661
19 1318 9226
19 1427 3858
1627 1427 394
1812 1627 6380
1389 1812 2867
1389 168 9179
415 168 9903
1740 415 8204
75 1740 9135
75 782 7739
694 782 2346
694 1144 86
1382 1144 4935
1382 31 5252
31 1778 1262
1778 653 1541
653 777 4266
191 777 2843
191 1883 5569
1883 84 394
1978 84 9799
1978 274 508
274 1625 9695
1625 1484 1161
1484 1776 9860
1633 1776 1493
1633 654 8647
1829 654 1145
1829 895 4362
412 895 5638
412 286 3564
286 224 9784
985 224 2742
1591 985 9192
1276 1591 4358
1982 1276 8468
1982 1469 9161
1469 795 179
533 795 1311
1097 533 851
1097 1805 953
1805 1462 9798
1916 1462 1446
403 1916 4253
1635 403 9695
1635 1430 451
1430 971 8319
971 1495 3693
867 1495 4007
867 1697 7472
1697 1948 3809
337 1948 8099
